0 
0 
0 
0 
29.5485 
29.5485 
29.5485 
18.9293 
18.9293 
18.9293 
18.9293 
28.8228 
28.8228 
28.8228 
28.8228 
28.8228 
32.4356 
32.4356 
32.4356 
32.4356 
32.4356 
33.8143 
33.8143 
33.8143 
33.8143 
33.8143 
34.4251 
34.4251 
34.4251 
34.4251 
34.4251 
34.5224 
34.5224 
34.5224 
34.5224 
34.5224 
34.5149 
34.5149 
34.5149 
34.5149 
34.5149 
34.4513 
34.4513 
34.4513 
34.4513 
34.4513 
34.3768 
34.3768 
34.3768 
34.3768 
34.3768 
34.2266 
34.2266 
34.2266 
34.2266 
34.2266 
34.3515 
34.3515 
34.3515 
34.3515 
34.3515 
34.6472 
34.6472 
34.6472 
34.6472 
34.6472 
34.2874 
34.2874 
34.2874 
34.2874 
34.2874 
34.4308 
34.4308 
34.4308 
34.4308 
34.4308 
34.2231 
34.2231 
34.2231 
34.2231 
34.2231 
34.397 
34.397 
34.397 
34.397 
34.397 
34.2136 
34.2136 
34.2136 
34.2136 
34.2136 
34.4213 
34.4213 
34.4213 
34.4213 
34.4213 
33.7655 
33.7655 
33.7655 
33.7655 
33.7655 
33.7655 
33.7655 
33.7655 
33.7655 
33.7655 
33.7655 
33.7655 
109.305 
109.305 
109.305 
109.305 
109.305 
109.305 
109.305 
109.305 
109.305 
109.305 
109.305 
109.305 
109.864 
109.864 
109.864 
109.864 
109.864 
109.864 
109.864 
109.864 
109.864 
109.864 
109.864 
109.864 
109.924 
109.924 
109.924 
109.924 
109.924 
109.924 
109.924 
109.924 
109.924 
109.924 
109.924 
109.924 
109.924 
109.924 
109.924 
135.475 
135.475 
135.475 
135.475 
135.475 
135.475 
135.475 
135.475 
135.475 
135.475 
135.475 
135.475 
135.475 
135.475 
128.605 
128.605 
128.605 
128.605 
128.605 
128.605 
128.605 
128.605 
128.605 
128.605 
128.605 
128.605 
128.605 
128.605 
128.905 
128.905 
128.905 
128.905 
128.905 
128.905 
128.905 
128.905 
128.905 
128.905 
128.905 
128.905 
128.905 
128.905 
129.185 
129.185 
129.185 
129.185 
129.185 
129.185 
129.185 
129.185 
129.185 
129.185 
129.185 
129.185 
129.185 
129.185 
128.905 
128.905 
128.905 
128.905 
128.905 
128.905 
128.905 
128.905 
128.905 
128.905 
128.905 
128.905 
128.905 
128.905 
129.032 
129.032 
129.032 
129.032 
129.032 
129.032 
129.032 
129.032 
60.9104 
60.9104 
60.9104 
18.644 
18.644 
18.644 
18.6371 
18.6371 
18.6371 
18.6925 
18.6925 
18.6925 
18.6535 
18.6535 
18.6535 
18.6662 
18.6662 
18.6662 
18.69 
18.69 
18.69 
18.676 
18.676 
18.676 
18.7701 
18.7701 
18.7701 
19.1059 
19.1059 
19.1059 
19.4556 
19.4556 
19.4556 
19.6322 
19.6322 
19.6322 
19.8159 
19.8159 
19.8159 
19.87 
19.87 
19.87 
19.87 
22.6397 
22.6397 
22.6397 
22.6397 
22.9749 
22.9749 
22.9749 
22.9749 
23.7465 
23.7465 
23.7465 
23.7465 
24.7566 
24.7566 
24.7566 
24.7566 
26.2058 
26.2058 
26.2058 
26.2058 
27.1724 
27.1724 
27.1724 
27.1724 
29.1886 
29.1886 
29.1886 
29.1886 
29.1886 
33.7114 
33.7114 
33.7114 
33.7114 
33.7114 
35.2378 
35.2378 
35.2378 
35.2378 
35.2378 
37.1392 
37.1392 
37.1392 
37.1392 
37.1392 
38.3468 
38.3468 
38.3468 
38.3468 
38.3468 
38.9227 
38.9227 
38.9227 
38.9227 
38.9227 
38.9944 
38.9944 
38.9944 
38.9944 
38.9944 
39.2961 
39.2961 
39.2961 
39.2961 
39.2961 
39.7392 
39.7392 
39.7392 
39.7392 
39.7392 
39.7392 
41.7149 
41.7149 
41.7149 
41.7149 
41.7149 
37.52 
37.52 
37.52 
37.52 
37.52 
34.4418 
34.4418 
34.4418 
34.4418 
34.4418 
33.381 
33.381 
33.381 
33.381 
33.381 
34.0042 
34.0042 
34.0042 
34.0042 
34.0042 
34.4534 
34.4534 
34.4534 
34.4534 
34.4534 
33.2874 
33.2874 
33.2874 
33.2874 
26.1513 
26.1513 
26.1513 
18.2349 
18.2349 
18.2349 
16.6008 
16.6008 
16.6008 
17.256 
17.256 
17.256 
17.4844 
17.4844 
17.4844 
17.4527 
17.4527 
17.4527 
17.7829 
17.7829 
17.7829 
18.0185 
18.0185 
18.0185 
18.5866 
18.5866 
18.5866 
18.6878 
18.6878 
18.6878 
19.0017 
19.0017 
19.0017 
19.2011 
19.2011 
19.2011 
18.9405 
18.9405 
18.9405 
18.8312 
18.8312 
18.8312 
19.0203 
19.0203 
19.0203 
19.4418 
19.4418 
19.4418 
19.4418 
23.0974 
23.0974 
23.0974 
23.0974 
25.1188 
25.1188 
25.1188 
25.1188 
26.9154 
26.9154 
26.9154 
26.9154 
27.8967 
27.8967 
27.8967 
27.8967 
26.8027 
26.8027 
26.8027 
26.8027 
25.877 
25.877 
25.877 
25.877 
25.6073 
25.6073 
25.6073 
25.6073 
25.1709 
25.1709 
25.1709 
25.1709 
24.9993 
24.9993 
24.9993 
24.9993 
24.8085 
24.8085 
24.8085 
24.8085 
24.9624 
24.9624 
24.9624 
24.9624 
25.3679 
25.3679 
25.3679 
25.3679 
25.6741 
25.6741 
25.6741 
25.6741 
26.6752 
26.6752 
26.6752 
26.6752 
27.5717 
27.5717 
27.5717 
27.5717 
27.6012 
27.6012 
27.6012 
27.6012 
28.4256 
28.4256 
28.4256 
28.4256 
28.5147 
28.5147 
28.5147 
28.5147 
28.6664 
28.6664 
28.6664 
28.6664 
28.8571 
28.8571 
28.8571 
28.8571 
29.4809 
29.4809 
29.4809 
29.4809 
29.5756 
29.5756 
29.5756 
29.5756 
29.5756 
32.8059 
32.8059 
32.8059 
32.8059 
32.8059 
34.4365 
34.4365 
34.4365 
34.4365 
34.4365 
35.358 
35.358 
35.358 
35.358 
35.358 
36.9605 
36.9605 
36.9605 
36.9605 
36.9605 
38.0036 
38.0036 
38.0036 
38.0036 
38.0036 
39.7847 
39.7847 
39.7847 
39.7847 
39.7847 
39.7847 
41.8783 
41.8783 
41.8783 
41.8783 
41.8783 
41.8783 
42.4205 
42.4205 
42.4205 
42.4205 
42.4205 
42.4205 
43.673 
43.673 
43.673 
43.673 
43.673 
43.673 
44.2117 
44.2117 
44.2117 
44.2117 
44.2117 
44.2117 
44.714 
44.714 
44.714 
44.714 
44.714 
44.714 
47.0028 
47.0028 
47.0028 
47.0028 
47.0028 
47.0028 
46.3246 
46.3246 
46.3246 
46.3246 
46.3246 
39.6232 
39.6232 
39.6232 
39.6232 
39.6232 
34.0956 
34.0956 
34.0956 
34.0956 
34.0956 
32.1757 
32.1757 
32.1757 
32.1757 
29.658 
29.658 
29.658 
29.658 
29.658 
33.3316 
33.3316 
33.3316 
33.3316 
33.3316 
35.0998 
35.0998 
35.0998 
35.0998 
35.0998 
36.3035 
36.3035 
36.3035 
36.3035 
36.3035 
37.4524 
37.4524 
37.4524 
37.4524 
37.4524 
38.3367 
38.3367 
38.3367 
38.3367 
38.3367 
38.983 
38.983 
38.983 
38.983 
38.983 
39.8101 
39.8101 
39.8101 
39.8101 
39.8101 
39.8101 
43.6064 
43.6064 
43.6064 
43.6064 
43.6064 
43.6064 
44.2445 
44.2445 
44.2445 
44.2445 
44.2445 
44.2445 
45.8504 
45.8504 
45.8504 
45.8504 
45.8504 
45.8504 
45.7973 
45.7973 
45.7973 
45.7973 
45.7973 
45.7973 
43.5999 
43.5999 
43.5999 
43.5999 
43.5999 
33.6206 
33.6206 
33.6206 
33.6206 
23.7651 
23.7651 
23.7651 
18.2021 
18.2021 
18.2021 
17.7868 
17.7868 
17.7868 
17.6367 
17.6367 
17.6367 
17.2573 
17.2573 
17.2573 
17.3875 
17.3875 
17.3875 
17.1371 
17.1371 
17.1371 
16.7999 
16.7999 
16.7999 
16.7136 
16.7136 
16.7136 
16.9714 
16.9714 
16.9714 
17.536 
17.536 
17.536 
17.6066 
17.6066 
17.6066 
17.6031 
17.6031 
17.6031 
17.6592 
17.6592 
17.6592 
17.6812 
17.6812 
17.6812 
18.0416 
18.0416 
18.0416 
18.3678 
18.3678 
18.3678 
18.569 
18.569 
18.569 
18.8472 
18.8472 
18.8472 
18.7054 
18.7054 
18.7054 
18.9732 
18.9732 
18.9732 
19.2509 
19.2509 
19.2509 
19.7425 
19.7425 
19.7425 
19.6764 
19.6764 
19.6764 
19.4312 
19.4312 
19.4312 
19.4312 
22.6769 
22.6769 
22.6769 
22.6769 
23.16 
23.16 
23.16 
23.16 
23.9787 
23.9787 
23.9787 
23.9787 
24.2017 
24.2017 
24.2017 
24.2017 
24.8953 
24.8953 
24.8953 
24.8953 
25.5994 
25.5994 
25.5994 
25.5994 
25.8715 
25.8715 
25.8715 
25.8715 
25.8941 
25.8941 
25.8941 
25.8941 
26.3348 
26.3348 
26.3348 
26.3348 
26.3666 
26.3666 
26.3666 
26.3666 
27.0388 
27.0388 
27.0388 
27.0388 
28.1408 
28.1408 
28.1408 
28.1408 
29.1776 
29.1776 
29.1776 
29.1776 
29.1776 
32.4399 
32.4399 
32.4399 
32.4399 
32.4399 
34.3253 
34.3253 
34.3253 
34.3253 
34.3253 
35.4429 
35.4429 
35.4429 
35.4429 
35.4429 
36.7595 
36.7595 
36.7595 
36.7595 
36.7595 
38.3847 
38.3847 
38.3847 
38.3847 
38.3847 
38.3847 
42.0612 
42.0612 
42.0612 
42.0612 
42.0612 
42.0612 
43.5291 
43.5291 
43.5291 
43.5291 
43.5291 
43.5291 
44.7536 
44.7536 
44.7536 
44.7536 
44.7536 
44.7536 
46.0065 
46.0065 
46.0065 
46.0065 
46.0065 
46.0065 
46.3141 
46.3141 
46.3141 
46.3141 
46.3141 
46.3141 
47.7304 
47.7304 
47.7304 
47.7304 
47.7304 
47.7304 
48.7674 
48.7674 
48.7674 
48.7674 
48.7674 
48.7674 
48.6012 
48.6012 
48.6012 
48.6012 
48.6012 
48.6012 
47.2133 
47.2133 
47.2133 
47.2133 
47.2133 
47.2133 
44.6425 
44.6425 
44.6425 
44.6425 
44.6425 
39.3123 
39.3123 
39.3123 
39.3123 
39.3123 
35.005 
35.005 
35.005 
35.005 
35.005 
32.2549 
32.2549 
32.2549 
32.2549 
26.8306 
26.8306 
26.8306 
26.8306 
23.7885 
23.7885 
23.7885 
19.4246 
19.4246 
19.4246 
17.1574 
17.1574 
17.1574 
16.4835 
16.4835 
16.4835 
16.6915 
16.6915 
16.6915 
15.795 
15.795 
15.795 
15.3313 
15.3313 
15.3313 
15.6299 
15.6299 
15.6299 
15.9428 
15.9428 
15.9428 
15.7671 
15.7671 
15.7671 
15.4546 
15.4546 
15.4546 
15.2595 
15.2595 
15.2595 
15.2796 
15.2796 
15.2796 
15.2734 
15.2734 
15.2734 
15.2274 
15.2274 
15.2274 
15.4368 
15.4368 
15.4368 
15.4101 
15.4101 
15.4101 
15.7635 
15.7635 
15.7635 
15.8675 
15.8675 
15.8675 
16.0704 
16.0704 
16.0704 
16.9229 
16.9229 
16.9229 
17.3173 
17.3173 
17.3173 
17.517 
17.517 
17.517 
17.5784 
17.5784 
17.5784 
17.7305 
17.7305 
17.7305 
18.517 
18.517 
18.517 
18.2715 
18.2715 
18.2715 
18.992 
18.992 
18.992 
19.3194 
19.3194 
19.3194 
19.3285 
19.3285 
19.3285 
19.1015 
19.1015 
19.1015 
19.2994 
19.2994 
19.2994 
19.3101 
19.3101 
19.3101 
19.8874 
19.8874 
19.8874 
19.8874 
23.4318 
23.4318 
23.4318 
23.4318 
24.2678 
24.2678 
24.2678 
24.2678 
25.0513 
25.0513 
25.0513 
25.0513 
25.7156 
25.7156 
25.7156 
25.7156 
26.3064 
26.3064 
26.3064 
26.3064 
27.5973 
27.5973 
27.5973 
27.5973 
29.0738 
29.0738 
29.0738 
29.0738 
29.4633 
29.4633 
29.4633 
29.4633 
29.6546 
29.6546 
29.6546 
29.6546 
29.6546 
32.2032 
32.2032 
32.2032 
32.2032 
32.2032 
32.277 
32.277 
32.277 
32.277 
32.277 
35.1152 
35.1152 
35.1152 
35.1152 
35.1152 
37.3264 
37.3264 
37.3264 
37.3264 
37.3264 
39.441 
39.441 
39.441 
39.441 
39.441 
39.441 
42.4303 
42.4303 
42.4303 
42.4303 
42.4303 
42.4303 
44.5454 
44.5454 
44.5454 
44.5454 
44.5454 
44.5454 
48.2926 
48.2926 
48.2926 
48.2926 
48.2926 
48.2926 
48.2926 
52.8645 
52.8645 
52.8645 
52.8645 
52.8645 
52.8645 
52.8645 
54.6787 
54.6787 
54.6787 
54.6787 
54.6787 
54.6787 
54.6787 
55.5575 
55.5575 
55.5575 
55.5575 
55.5575 
55.5575 
55.5575 
57.2171 
57.2171 
57.2171 
57.2171 
57.2171 
57.2171 
57.2171 
57.1305 
57.1305 
57.1305 
57.1305 
57.1305 
57.1305 
57.1305 
57.3617 
57.3617 
57.3617 
57.3617 
57.3617 
57.3617 
57.3617 
57.4931 
57.4931 
57.4931 
57.4931 
57.4931 
57.4931 
57.4931 
57.5849 
57.5849 
57.5849 
57.5849 
57.5849 
57.5849 
57.5849 
57.1728 
57.1728 
57.1728 
57.1728 
57.1728 
57.1728 
57.1728 
57.3985 
57.3985 
57.3985 
57.3985 
57.3985 
57.3985 
57.3985 
57.566 
57.566 
57.566 
57.566 
57.566 
57.566 
57.566 
57.1754 
57.1754 
57.1754 
57.1754 
57.1754 
57.1754 
57.1754 
57.4089 
57.4089 
57.4089 
57.4089 
57.4089 
57.4089 
57.4089 
57.5877 
57.5877 
57.5877 
57.5877 
57.5877 
57.5877 
57.5877 
57.3608 
57.3608 
57.3608 
57.3608 
57.3608 
57.3608 
