1.42098e+006
1.42102e+006
1.42106e+006
1.4211e+006
1.42114e+006
1.42117e+006
1.4212e+006
1.42123e+006
1.42126e+006
1.42128e+006
1.42131e+006
1.42133e+006
1.42136e+006
1.42138e+006
1.42141e+006
1.42143e+006
1.42146e+006
1.42148e+006
1.4215e+006
1.42153e+006
1.42155e+006
1.42157e+006
1.4216e+006
1.42162e+006
1.42164e+006
1.42167e+006
1.42169e+006
1.42171e+006
1.42174e+006
1.42176e+006
1.42178e+006
1.42181e+006
1.42183e+006
1.42185e+006
1.42188e+006
1.4219e+006
1.42192e+006
1.42194e+006
1.42197e+006
1.42199e+006
1.42201e+006
1.42204e+006
1.42206e+006
1.42208e+006
1.42211e+006
1.42213e+006
1.42215e+006
1.42218e+006
1.4222e+006
1.42222e+006
1.42225e+006
1.42227e+006
1.4223e+006
1.42232e+006
1.42234e+006
1.42236e+006
1.42239e+006
1.42241e+006
1.42243e+006
1.42246e+006
1.42248e+006
1.4225e+006
1.42253e+006
1.42255e+006
1.42257e+006
1.4226e+006
1.42262e+006
1.42264e+006
1.42267e+006
1.42269e+006
1.42271e+006
1.42274e+006
1.42276e+006
1.42278e+006
1.42281e+006
1.42283e+006
1.42285e+006
1.42288e+006
1.4229e+006
1.42292e+006
1.42295e+006
1.42297e+006
1.42299e+006
1.42302e+006
1.42304e+006
1.42306e+006
1.42309e+006
1.42311e+006
1.42313e+006
1.42316e+006
1.42318e+006
1.4232e+006
1.42323e+006
1.42325e+006
1.42327e+006
1.4233e+006
1.42331e+006
1.42332e+006
1.42332e+006
1.42333e+006
1.42334e+006
1.42335e+006
1.42336e+006
1.42337e+006
1.42337e+006
1.42338e+006
1.42339e+006
1.4234e+006
1.42341e+006
1.42342e+006
1.42342e+006
1.42343e+006
1.42344e+006
1.42345e+006
1.42346e+006
1.42347e+006
1.42347e+006
1.42348e+006
1.42349e+006
1.4235e+006
1.42351e+006
1.42352e+006
1.42352e+006
1.42353e+006
1.42354e+006
1.42355e+006
1.42356e+006
1.42357e+006
1.42357e+006
1.42358e+006
1.42359e+006
1.4236e+006
1.42361e+006
1.42362e+006
1.42362e+006
1.42363e+006
1.42364e+006
1.42365e+006
1.42366e+006
1.42367e+006
1.42367e+006
1.42367e+006
1.42367e+006
1.42367e+006
1.42368e+006
1.42369e+006
1.4237e+006
1.4237e+006
1.42371e+006
1.42372e+006
1.42373e+006
1.42373e+006
1.42374e+006
1.42375e+006
1.42375e+006
1.42376e+006
1.42377e+006
1.42378e+006
1.42378e+006
1.42379e+006
1.4238e+006
1.4238e+006
1.42381e+006
1.42382e+006
1.42383e+006
1.42383e+006
1.42384e+006
1.42385e+006
1.42386e+006
1.42386e+006
1.42387e+006
1.42388e+006
1.42388e+006
1.42389e+006
1.4239e+006
1.42391e+006
1.42391e+006
1.42392e+006
1.42393e+006
1.42393e+006
1.42394e+006
1.42395e+006
1.42396e+006
1.42396e+006
1.42397e+006
1.42398e+006
1.42399e+006
1.42399e+006
1.424e+006
1.42401e+006
1.42401e+006
1.42402e+006
1.42403e+006
1.42404e+006
1.42404e+006
1.42405e+006
1.42406e+006
1.42406e+006
1.42407e+006
1.42408e+006
1.42409e+006
1.42409e+006
1.4241e+006
1.42411e+006
1.42411e+006
1.42412e+006
1.42413e+006
1.42414e+006
1.42414e+006
1.42415e+006
1.42416e+006
1.42417e+006
1.42417e+006
1.42418e+006
1.42419e+006
1.42419e+006
1.4242e+006
1.42421e+006
1.42422e+006
1.42422e+006
1.42423e+006
1.42424e+006
1.42424e+006
1.42425e+006
1.42429e+006
1.42432e+006
1.42436e+006
1.42439e+006
1.42443e+006
1.42447e+006
1.4245e+006
1.42454e+006
1.42457e+006
1.42461e+006
1.42464e+006
1.42468e+006
1.42472e+006
1.42475e+006
1.42479e+006
1.42482e+006
1.42486e+006
1.4249e+006
1.42493e+006
1.42497e+006
1.425e+006
1.42504e+006
1.42507e+006
1.42511e+006
1.42514e+006
1.42518e+006
1.42522e+006
1.42525e+006
1.42528e+006
1.42532e+006
1.42535e+006
1.42539e+006
1.42542e+006
1.42546e+006
1.42549e+006
1.42552e+006
1.42556e+006
1.42559e+006
1.42562e+006
1.42566e+006
1.42569e+006
1.42572e+006
1.42576e+006
1.42579e+006
1.42582e+006
1.42586e+006
1.42589e+006
1.42592e+006
1.42595e+006
1.42599e+006
1.42602e+006
1.42605e+006
1.42608e+006
1.42611e+006
1.42614e+006
1.42617e+006
1.4262e+006
1.42623e+006
1.42626e+006
1.42629e+006
1.42632e+006
1.42634e+006
1.42637e+006
1.4264e+006
1.42643e+006
1.42645e+006
1.42648e+006
1.4265e+006
1.42653e+006
1.42655e+006
1.42658e+006
1.4266e+006
1.42662e+006
1.42665e+006
1.42667e+006
1.42669e+006
1.42672e+006
1.42674e+006
1.42676e+006
1.42678e+006
1.42681e+006
1.42683e+006
1.42685e+006
1.42687e+006
1.42689e+006
1.42691e+006
1.42693e+006
1.42695e+006
1.42697e+006
1.42699e+006
1.42701e+006
1.42704e+006
1.42706e+006
1.42708e+006
1.4271e+006
1.42712e+006
1.42714e+006
1.42716e+006
1.42718e+006
1.4272e+006
1.42722e+006
1.42724e+006
1.42726e+006
1.42728e+006
1.4273e+006
1.42732e+006
1.42734e+006
1.42736e+006
1.42738e+006
1.4274e+006
1.42742e+006
1.42744e+006
1.42746e+006
1.42748e+006
1.4275e+006
1.42752e+006
1.42754e+006
1.42756e+006
1.42759e+006
1.42761e+006
1.42763e+006
1.42765e+006
1.42768e+006
1.4277e+006
1.42772e+006
1.42775e+006
1.42777e+006
1.4278e+006
1.42782e+006
1.42784e+006
1.42787e+006
1.42789e+006
1.42792e+006
1.42794e+006
1.42796e+006
1.42799e+006
1.42801e+006
1.42803e+006
1.42806e+006
1.42808e+006
1.4281e+006
1.42813e+006
1.42815e+006
1.42817e+006
1.4282e+006
1.42823e+006
1.42825e+006
1.42828e+006
1.42831e+006
1.42835e+006
1.42838e+006
1.42842e+006
1.42846e+006
1.4285e+006
1.42854e+006
1.42858e+006
1.42862e+006
1.42866e+006
1.4287e+006
1.42874e+006
1.42877e+006
1.42881e+006
1.42885e+006
1.42889e+006
1.42893e+006
1.42896e+006
1.429e+006
1.42904e+006
1.42908e+006
1.42911e+006
1.42915e+006
1.42918e+006
1.42922e+006
1.42926e+006
1.42929e+006
1.42933e+006
1.42936e+006
1.4294e+006
1.42943e+006
1.42947e+006
1.4295e+006
1.42954e+006
1.42957e+006
1.42961e+006
1.42964e+006
1.42968e+006
1.42971e+006
1.42975e+006
1.42978e+006
1.42982e+006
1.42985e+006
1.42989e+006
1.42992e+006
1.42996e+006
1.42999e+006
1.43002e+006
1.43005e+006
1.43009e+006
1.43012e+006
1.43015e+006
1.43018e+006
1.43021e+006
1.43023e+006
1.43026e+006
1.43029e+006
1.43032e+006
1.43034e+006
1.43037e+006
1.4304e+006
1.43042e+006
1.43045e+006
1.43048e+006
1.43051e+006
1.43054e+006
1.43057e+006
1.43059e+006
1.43062e+006
1.43065e+006
1.43068e+006
1.43071e+006
1.43074e+006
1.43077e+006
1.4308e+006
1.43083e+006
1.43086e+006
1.43089e+006
1.43092e+006
1.43095e+006
1.43098e+006
1.43101e+006
1.43104e+006
1.43107e+006
1.4311e+006
1.43113e+006
1.43116e+006
1.43119e+006
1.43122e+006
1.43125e+006
1.43128e+006
1.43131e+006
1.43134e+006
1.43137e+006
1.4314e+006
1.43143e+006
1.43146e+006
1.43149e+006
1.43151e+006
1.43154e+006
1.43157e+006
1.4316e+006
1.43163e+006
1.43165e+006
1.43168e+006
1.43171e+006
1.43173e+006
1.43176e+006
1.43179e+006
1.43182e+006
1.43184e+006
1.43187e+006
1.43189e+006
1.43192e+006
1.43195e+006
1.43197e+006
1.432e+006
1.43203e+006
1.43205e+006
1.43208e+006
1.4321e+006
1.43213e+006
1.43216e+006
1.43218e+006
1.43221e+006
1.43224e+006
1.43226e+006
1.43229e+006
1.43231e+006
1.43234e+006
1.43236e+006
1.43239e+006
1.43241e+006
1.43244e+006
1.43246e+006
1.43249e+006
1.43251e+006
1.43254e+006
1.43256e+006
1.43258e+006
1.43261e+006
1.43263e+006
1.43265e+006
1.43268e+006
1.4327e+006
1.43272e+006
1.43275e+006
1.43277e+006
1.43279e+006
1.43281e+006
1.43283e+006
1.43286e+006
1.43288e+006
1.4329e+006
1.43292e+006
1.43294e+006
1.43296e+006
1.43298e+006
1.433e+006
1.43302e+006
1.43304e+006
1.43306e+006
1.43308e+006
1.4331e+006
1.43312e+006
1.43314e+006
1.43316e+006
1.43318e+006
1.4332e+006
1.43322e+006
1.43324e+006
1.43326e+006
1.43328e+006
1.4333e+006
1.43332e+006
1.43334e+006
1.43336e+006
1.43338e+006
1.4334e+006
1.43342e+006
1.43344e+006
1.43346e+006
1.43347e+006
1.43349e+006
1.43351e+006
1.43353e+006
1.43355e+006
1.43357e+006
1.43359e+006
1.43361e+006
1.43362e+006
1.43364e+006
1.43366e+006
1.43368e+006
1.4337e+006
1.43372e+006
1.43374e+006
1.43375e+006
1.43377e+006
1.43379e+006
1.4338e+006
1.43382e+006
1.43384e+006
1.43386e+006
1.43388e+006
1.4339e+006
1.43391e+006
1.43393e+006
1.43395e+006
1.43397e+006
1.434e+006
1.43402e+006
1.43404e+006
1.43407e+006
1.43409e+006
1.43411e+006
1.43414e+006
1.43416e+006
1.43419e+006
1.43421e+006
1.43424e+006
1.43426e+006
1.43429e+006
1.43431e+006
1.43434e+006
1.43436e+006
1.43439e+006
1.43441e+006
1.43444e+006
1.43446e+006
1.43448e+006
1.43451e+006
1.43453e+006
1.43455e+006
1.43457e+006
1.4346e+006
1.43462e+006
1.43464e+006
1.43466e+006
1.43468e+006
1.43471e+006
1.43473e+006
1.43475e+006
1.43477e+006
1.43479e+006
1.43481e+006
1.43483e+006
1.43485e+006
1.43487e+006
1.43489e+006
1.43492e+006
1.43494e+006
1.43496e+006
1.43498e+006
1.435e+006
1.43502e+006
1.43504e+006
1.43506e+006
1.43508e+006
1.4351e+006
1.43512e+006
1.43514e+006
1.43516e+006
1.43517e+006
1.43519e+006
1.43521e+006
1.43523e+006
1.43525e+006
1.43527e+006
1.43529e+006
1.43531e+006
1.43533e+006
1.43534e+006
1.43536e+006
1.43538e+006
1.4354e+006
1.43542e+006
1.43543e+006
1.43545e+006
1.43547e+006
1.43549e+006
1.43551e+006
1.43553e+006
1.43554e+006
1.43556e+006
1.43558e+006
1.4356e+006
1.43562e+006
1.43564e+006
1.43566e+006
1.43568e+006
1.4357e+006
1.43573e+006
1.43575e+006
1.43578e+006
1.43581e+006
1.43584e+006
1.43587e+006
1.4359e+006
1.43594e+006
1.43598e+006
1.43601e+006
1.43605e+006
1.43609e+006
1.43613e+006
1.43616e+006
1.4362e+006
1.43624e+006
1.43628e+006
1.43632e+006
1.43636e+006
1.43639e+006
1.43643e+006
1.43647e+006
1.43651e+006
1.43655e+006
1.43659e+006
1.43663e+006
1.43667e+006
1.43671e+006
1.43675e+006
1.43679e+006
1.43683e+006
1.43687e+006
1.43691e+006
1.43694e+006
1.43698e+006
1.43702e+006
1.43706e+006
1.4371e+006
1.43713e+006
1.43717e+006
1.43721e+006
1.43725e+006
1.43729e+006
1.43732e+006
1.43736e+006
1.4374e+006
1.43744e+006
1.43747e+006
1.43751e+006
1.43755e+006
1.43759e+006
1.43762e+006
1.43766e+006
1.4377e+006
1.43773e+006
1.43777e+006
1.4378e+006
1.43784e+006
1.43788e+006
1.43791e+006
1.43795e+006
1.43798e+006
1.43802e+006
1.43805e+006
1.43809e+006
1.43812e+006
1.43816e+006
1.43819e+006
1.43823e+006
1.43826e+006
1.4383e+006
1.43833e+006
1.43836e+006
1.4384e+006
1.43843e+006
1.43847e+006
1.4385e+006
1.43853e+006
1.43857e+006
1.4386e+006
1.43864e+006
1.43867e+006
1.4387e+006
1.43873e+006
1.43877e+006
1.4388e+006
1.43883e+006
1.43886e+006
1.43889e+006
1.43892e+006
1.43896e+006
1.43899e+006
1.43902e+006
1.43905e+006
1.43908e+006
1.43911e+006
1.43914e+006
1.43917e+006
1.4392e+006
1.43923e+006
1.43926e+006
1.43929e+006
1.43932e+006
1.43935e+006
1.43938e+006
1.4394e+006
1.43943e+006
1.43946e+006
1.43949e+006
1.43952e+006
1.43955e+006
1.43958e+006
1.43961e+006
1.43963e+006
1.43966e+006
1.43969e+006
1.43972e+006
1.43975e+006
1.43978e+006
1.4398e+006
1.43983e+006
1.43986e+006
1.43989e+006
1.43992e+006
1.43994e+006
1.43997e+006
1.43999e+006
1.44002e+006
1.44005e+006
1.44007e+006
1.4401e+006
1.44012e+006
1.44015e+006
1.44017e+006
1.4402e+006
1.44022e+006
1.44024e+006
1.44027e+006
1.44029e+006
1.44031e+006
1.44034e+006
1.44036e+006
1.44038e+006
1.44041e+006
1.44043e+006
1.44045e+006
1.44047e+006
1.44049e+006
1.44052e+006
1.44054e+006
1.44056e+006
1.44058e+006
1.4406e+006
1.44062e+006
1.44064e+006
1.44066e+006
1.44068e+006
1.4407e+006
1.44072e+006
1.44074e+006
1.44076e+006
1.44078e+006
1.4408e+006
1.44082e+006
1.44084e+006
1.44086e+006
1.44088e+006
1.4409e+006
1.44092e+006
1.44093e+006
1.44095e+006
1.44097e+006
1.44099e+006
1.44101e+006
1.44103e+006
1.44104e+006
1.44106e+006
1.44108e+006
1.4411e+006
1.44112e+006
1.44114e+006
1.44115e+006
1.44117e+006
1.44119e+006
1.44121e+006
1.44123e+006
1.44124e+006
1.44126e+006
1.44128e+006
1.4413e+006
1.44131e+006
1.44133e+006
1.44135e+006
1.44136e+006
1.44138e+006
1.4414e+006
1.44142e+006
1.44143e+006
1.44145e+006
1.44147e+006
1.44148e+006
1.4415e+006
1.44152e+006
1.44154e+006
1.44155e+006
1.44157e+006
1.44159e+006
1.44161e+006
1.44162e+006
1.44164e+006
1.44166e+006
1.44168e+006
1.4417e+006
1.44172e+006
1.44173e+006
1.44175e+006
1.44177e+006
1.44179e+006
1.44181e+006
1.44183e+006
1.44186e+006
1.44188e+006
1.4419e+006
1.44192e+006
1.44195e+006
1.44197e+006
1.44199e+006
1.44202e+006
1.44204e+006
1.44207e+006
1.44209e+006
1.44212e+006
1.44215e+006
1.44218e+006
1.44221e+006
1.44224e+006
1.44227e+006
1.4423e+006
1.44233e+006
1.44237e+006
1.4424e+006
1.44244e+006
1.44247e+006
1.44251e+006
1.44255e+006
1.44259e+006
1.44263e+006
1.44267e+006
1.44271e+006
1.44275e+006
1.44279e+006
1.44283e+006
1.44288e+006
1.44292e+006
1.44296e+006
1.44301e+006
1.44305e+006
1.44309e+006
1.44314e+006
1.44318e+006
1.44322e+006
1.44326e+006
1.4433e+006
1.44335e+006
1.44339e+006
1.44343e+006
1.44347e+006
1.44352e+006
1.44356e+006
1.4436e+006
1.44365e+006
1.44369e+006
1.44373e+006
1.44378e+006
1.44382e+006
1.44387e+006
1.44391e+006
1.44395e+006
1.444e+006
1.44404e+006
1.44408e+006
1.44413e+006
1.44417e+006
1.44421e+006
1.44426e+006
1.4443e+006
1.44434e+006
1.44439e+006
1.44443e+006
1.44447e+006
1.44451e+006
1.44455e+006
1.4446e+006
1.44464e+006
1.44468e+006
1.44472e+006
1.44476e+006
1.4448e+006
1.44484e+006
1.44488e+006
1.44492e+006
1.44496e+006
1.44499e+006
1.44503e+006
1.44507e+006
1.44511e+006
1.44514e+006
1.44518e+006
1.44522e+006
1.44526e+006
1.4453e+006
1.44533e+006
1.44537e+006
1.4454e+006
1.44544e+006
1.44548e+006
1.44551e+006
1.44555e+006
1.44558e+006
1.44562e+006
1.44565e+006
1.44569e+006
1.44572e+006
1.44576e+006
1.44579e+006
1.44583e+006
1.44586e+006
1.4459e+006
1.44593e+006
1.44597e+006
1.446e+006
1.44603e+006
1.44607e+006
1.4461e+006
1.44614e+006
1.44617e+006
1.44621e+006
1.44624e+006
1.44627e+006
1.4463e+006
1.44633e+006
1.44637e+006
1.4464e+006
1.44643e+006
1.44646e+006
1.44649e+006
1.44652e+006
1.44655e+006
1.44658e+006
1.44661e+006
1.44664e+006
1.44667e+006
1.4467e+006
1.44673e+006
1.44676e+006
1.44678e+006
1.44681e+006
1.44684e+006
1.44687e+006
1.4469e+006
1.44692e+006
1.44695e+006
1.44698e+006
1.447e+006
1.44703e+006
1.44705e+006
1.44708e+006
1.4471e+006
1.44713e+006
1.44715e+006
1.44718e+006
1.44721e+006
1.44723e+006
1.44726e+006
1.44728e+006
1.44731e+006
1.44733e+006
1.44736e+006
1.44738e+006
1.4474e+006
1.44743e+006
1.44745e+006
1.44748e+006
1.4475e+006
1.44753e+006
1.44755e+006
1.44757e+006
1.4476e+006
1.44762e+006
1.44764e+006
1.44766e+006
1.44768e+006
1.4477e+006
1.44772e+006
1.44775e+006
1.44777e+006
1.44779e+006
1.44781e+006
1.44783e+006
1.44785e+006
1.44787e+006
1.44789e+006
1.44791e+006
1.44792e+006
1.44794e+006
1.44796e+006
1.44798e+006
1.448e+006
1.44802e+006
1.44804e+006
1.44806e+006
1.44807e+006
1.44809e+006
1.44811e+006
1.44813e+006
1.44814e+006
1.44816e+006
1.44818e+006
1.44819e+006
1.44821e+006
1.44823e+006
1.44824e+006
1.44826e+006
1.44827e+006
1.44829e+006
1.44831e+006
1.44832e+006
1.44834e+006
1.44835e+006
1.44837e+006
1.44838e+006
1.4484e+006
1.44841e+006
1.44843e+006
1.44845e+006
1.44846e+006
1.44848e+006
1.44849e+006
1.44851e+006
1.44852e+006
1.44854e+006
1.44855e+006
1.44857e+006
1.44858e+006
1.4486e+006
1.44861e+006
1.44863e+006
1.44864e+006
1.44866e+006
1.44867e+006
1.44869e+006
1.4487e+006
1.44872e+006
1.44873e+006
1.44875e+006
1.44876e+006
1.44878e+006
1.44879e+006
1.44881e+006
1.44882e+006
1.44884e+006
1.44885e+006
1.44887e+006
1.44888e+006
1.4489e+006
1.44891e+006
1.44893e+006
1.44894e+006
1.44896e+006
1.44897e+006
1.44899e+006
1.449e+006
1.44901e+006
1.44903e+006
1.44904e+006
1.44906e+006
1.44907e+006
1.44909e+006
1.4491e+006
1.44912e+006
1.44913e+006
1.44915e+006
1.44916e+006
1.44918e+006
1.44919e+006
1.44921e+006
1.44922e+006
1.44924e+006
1.44925e+006
1.44927e+006
1.44928e+006
1.4493e+006
1.44931e+006
1.44933e+006
1.44934e+006
1.44936e+006
1.44937e+006
1.44939e+006
1.4494e+006
1.44942e+006
1.44943e+006
1.44945e+006
1.44946e+006
1.44948e+006
1.44949e+006
1.44951e+006
1.44952e+006
1.44954e+006
1.44955e+006
1.44957e+006
1.44958e+006
1.4496e+006
1.44961e+006
1.44963e+006
1.44964e+006
1.44966e+006
1.44967e+006
1.44969e+006
1.4497e+006
1.44972e+006
1.44973e+006
1.44975e+006
1.44976e+006
1.44978e+006
1.44979e+006
1.44981e+006
1.44982e+006
