0 
0 
0 
0 
0 
0 
45.8358 
45.8358 
45.8358 
18.4009 
18.4009 
18.4009 
18.4009 
25.1134 
25.1134 
25.1134 
25.1134 
27.4598 
27.4598 
27.4598 
27.4598 
28.0487 
28.0487 
28.0487 
28.0487 
28.6994 
28.6994 
28.6994 
28.6994 
28.5455 
28.5455 
28.5455 
28.5455 
28.6142 
28.6142 
28.6142 
28.6142 
28.6781 
28.6781 
28.6781 
28.6781 
28.7183 
28.7183 
28.7183 
28.7183 
28.4827 
28.4827 
28.4827 
28.4827 
28.6185 
28.6185 
28.6185 
28.6185 
28.6955 
28.6955 
28.6955 
28.6955 
28.6236 
28.6236 
28.6236 
17.4742 
17.4742 
17.4742 
17.4742 
17.4742 
17.4742 
49.0127 
49.0127 
49.0127 
49.0127 
49.0127 
49.0127 
49.2302 
49.2302 
49.2302 
49.2302 
49.2302 
49.2302 
49.7491 
49.7491 
49.7491 
49.7491 
49.7491 
49.7491 
49.7491 
52.225 
52.225 
52.225 
52.225 
52.225 
52.225 
52.225 
51.805 
51.805 
51.805 
51.805 
51.805 
51.805 
51.805 
51.9126 
51.9126 
51.9126 
51.9126 
51.9126 
51.9126 
51.9126 
51.9845 
51.9845 
51.9845 
51.9845 
51.9845 
51.9845 
51.9845 
51.9174 
51.9174 
51.9174 
51.9174 
51.9174 
51.9174 
51.9174 
53.0729 
53.0729 
53.0729 
53.0729 
53.0729 
53.0729 
53.0729 
54.2993 
54.2993 
54.2993 
54.2993 
54.2993 
54.2993 
54.2993 
54.4449 
54.4449 
54.4449 
54.4449 
54.4449 
54.4449 
54.4449 
56.0341 
56.0341 
56.0341 
56.0341 
56.0341 
56.0341 
56.0341 
57.6353 
57.6353 
57.6353 
57.6353 
57.6353 
57.6353 
57.6353 
58.9561 
58.9561 
58.9561 
58.9561 
58.9561 
58.9561 
58.9561 
58.9561 
62.655 
62.655 
62.655 
62.655 
62.655 
62.655 
62.655 
62.655 
65.8237 
65.8237 
65.8237 
65.8237 
65.8237 
65.8237 
65.8237 
65.8237 
69.7597 
69.7597 
69.7597 
69.7597 
69.7597 
69.7597 
69.7597 
69.7597 
69.7597 
74.9469 
74.9469 
74.9469 
74.9469 
74.9469 
74.9469 
74.9469 
74.9469 
74.9469 
75.8706 
75.8706 
75.8706 
75.8706 
75.8706 
75.8706 
75.8706 
75.8706 
75.8706 
77.0553 
77.0553 
77.0553 
77.0553 
77.0553 
77.0553 
77.0553 
77.0553 
77.0553 
75.5184 
75.5184 
75.5184 
75.5184 
75.5184 
75.5184 
75.5184 
75.5184 
75.5184 
72.1656 
72.1656 
72.1656 
72.1656 
72.1656 
72.1656 
72.1656 
72.1656 
72.1656 
74.5185 
74.5185 
74.5185 
74.5185 
74.5185 
74.5185 
74.5185 
74.5185 
74.5185 
76.5073 
76.5073 
76.5073 
76.5073 
76.5073 
76.5073 
76.5073 
76.5073 
76.5073 
76.3864 
76.3864 
76.3864 
76.3864 
76.3864 
76.3864 
76.3864 
76.3864 
76.3864 
76.0609 
76.0609 
76.0609 
76.0609 
76.0609 
76.0609 
76.0609 
76.0609 
76.0609 
75.9747 
75.9747 
75.9747 
75.9747 
75.9747 
75.9747 
75.9747 
75.9747 
75.9747 
77.8191 
77.8191 
77.8191 
77.8191 
77.8191 
77.8191 
77.8191 
77.8191 
77.8191 
76.9213 
76.9213 
76.9213 
76.9213 
76.9213 
76.9213 
76.9213 
76.9213 
76.9213 
77.9267 
77.9267 
77.9267 
77.9267 
77.9267 
77.9267 
77.9267 
77.9267 
77.9267 
78.0845 
78.0845 
78.0845 
78.0845 
78.0845 
78.0845 
78.0845 
78.0845 
78.0845 
76.7074 
76.7074 
76.7074 
76.7074 
76.7074 
76.7074 
76.7074 
76.7074 
76.7074 
75.2683 
75.2683 
75.2683 
75.2683 
75.2683 
75.2683 
75.2683 
75.2683 
75.2683 
76.1758 
76.1758 
76.1758 
76.1758 
76.1758 
76.1758 
76.1758 
76.1758 
76.1758 
74.8195 
74.8195 
74.8195 
74.8195 
74.8195 
74.8195 
74.8195 
74.8195 
74.8195 
75.9248 
75.9248 
75.9248 
75.9248 
75.9248 
75.9248 
75.9248 
75.9248 
75.9248 
79.2304 
79.2304 
79.2304 
79.2304 
79.2304 
79.2304 
79.2304 
79.2304 
79.2304 
79.3167 
79.3167 
79.3167 
79.3167 
79.3167 
79.3167 
79.3167 
79.3167 
79.3167 
79.1952 
79.1952 
79.1952 
79.1952 
79.1952 
79.1952 
79.1952 
79.1952 
79.1952 
77.3174 
77.3174 
77.3174 
77.3174 
77.3174 
77.3174 
77.3174 
77.3174 
77.3174 
72.1756 
72.1756 
72.1756 
72.1756 
72.1756 
72.1756 
72.1756 
72.1756 
64.4661 
64.4661 
64.4661 
64.4661 
64.4661 
64.4661 
64.4661 
64.4661 
64.1355 
64.1355 
64.1355 
64.1355 
64.1355 
64.1355 
64.1355 
64.1355 
64.9375 
64.9375 
64.9375 
64.9375 
64.9375 
64.9375 
64.9375 
64.9375 
62.407 
62.407 
62.407 
62.407 
62.407 
62.407 
62.407 
62.407 
62.8327 
62.8327 
62.8327 
62.8327 
62.8327 
62.8327 
62.8327 
62.8327 
64.7987 
64.7987 
64.7987 
64.7987 
64.7987 
64.7987 
64.7987 
64.7987 
65.3745 
65.3745 
65.3745 
65.3745 
65.3745 
65.3745 
65.3745 
65.3745 
63.9251 
63.9251 
63.9251 
63.9251 
63.9251 
63.9251 
63.9251 
63.9251 
62.3754 
62.3754 
62.3754 
62.3754 
62.3754 
62.3754 
62.3754 
62.3754 
64.0986 
64.0986 
64.0986 
64.0986 
64.0986 
64.0986 
64.0986 
64.0986 
66.1451 
66.1451 
66.1451 
66.1451 
66.1451 
66.1451 
66.1451 
66.1451 
67.2829 
67.2829 
67.2829 
67.2829 
67.2829 
67.2829 
67.2829 
67.2829 
67.3064 
67.3064 
67.3064 
67.3064 
67.3064 
67.3064 
67.3064 
67.3064 
68.9943 
68.9943 
68.9943 
68.9943 
68.9943 
68.9943 
68.9943 
68.9943 
67.3006 
67.3006 
67.3006 
67.3006 
67.3006 
67.3006 
67.3006 
67.3006 
65.9115 
65.9115 
65.9115 
65.9115 
65.9115 
65.9115 
65.9115 
65.9115 
63.6532 
63.6532 
63.6532 
63.6532 
63.6532 
63.6532 
63.6532 
63.6532 
62.4594 
62.4594 
62.4594 
62.4594 
62.4594 
62.4594 
62.4594 
62.4594 
63.7136 
63.7136 
63.7136 
63.7136 
63.7136 
63.7136 
63.7136 
63.7136 
65.3541 
65.3541 
65.3541 
65.3541 
65.3541 
65.3541 
65.3541 
65.3541 
65.8264 
65.8264 
65.8264 
65.8264 
65.8264 
65.8264 
65.8264 
65.8264 
66.6563 
66.6563 
66.6563 
66.6563 
66.6563 
66.6563 
66.6563 
66.6563 
66.3644 
66.3644 
66.3644 
66.3644 
66.3644 
66.3644 
66.3644 
66.3644 
65.8463 
65.8463 
65.8463 
65.8463 
65.8463 
65.8463 
65.8463 
65.8463 
66.144 
66.144 
66.144 
66.144 
66.144 
66.144 
66.144 
66.144 
65.6258 
65.6258 
65.6258 
65.6258 
65.6258 
65.6258 
65.6258 
65.6258 
65.4325 
65.4325 
65.4325 
65.4325 
65.4325 
65.4325 
65.4325 
65.4325 
67.9721 
67.9721 
67.9721 
67.9721 
67.9721 
67.9721 
67.9721 
67.9721 
67.9721 
70.8794 
70.8794 
70.8794 
70.8794 
70.8794 
70.8794 
70.8794 
70.8794 
70.8794 
73.0921 
73.0921 
73.0921 
73.0921 
73.0921 
73.0921 
73.0921 
73.0921 
73.0921 
73.8006 
73.8006 
73.8006 
73.8006 
73.8006 
73.8006 
73.8006 
73.8006 
73.8006 
74.5386 
74.5386 
74.5386 
74.5386 
74.5386 
74.5386 
74.5386 
74.5386 
74.5386 
73.4474 
73.4474 
73.4474 
73.4474 
73.4474 
73.4474 
73.4474 
73.4474 
73.4474 
72.7312 
72.7312 
72.7312 
72.7312 
72.7312 
72.7312 
72.7312 
72.7312 
72.7312 
71.5394 
71.5394 
71.5394 
71.5394 
71.5394 
71.5394 
71.5394 
71.5394 
71.5394 
73.1307 
73.1307 
73.1307 
73.1307 
73.1307 
73.1307 
73.1307 
73.1307 
73.1307 
74.1346 
74.1346 
74.1346 
74.1346 
74.1346 
74.1346 
74.1346 
74.1346 
74.1346 
76.0621 
76.0621 
76.0621 
76.0621 
76.0621 
76.0621 
76.0621 
76.0621 
76.0621 
79.0349 
79.0349 
79.0349 
79.0349 
79.0349 
79.0349 
79.0349 
79.0349 
79.0349 
79.0349 
81.217 
81.217 
81.217 
81.217 
81.217 
81.217 
81.217 
81.217 
81.217 
81.217 
83.0883 
83.0883 
83.0883 
83.0883 
83.0883 
83.0883 
83.0883 
83.0883 
83.0883 
83.0883 
84.1268 
84.1268 
84.1268 
84.1268 
84.1268 
84.1268 
84.1268 
84.1268 
84.1268 
84.1268 
85.0062 
85.0062 
85.0062 
85.0062 
85.0062 
85.0062 
85.0062 
85.0062 
85.0062 
85.0062 
86.9167 
86.9167 
86.9167 
86.9167 
86.9167 
86.9167 
86.9167 
86.9167 
86.9167 
86.9167 
89.8093 
89.8093 
89.8093 
89.8093 
89.8093 
89.8093 
89.8093 
89.8093 
89.8093 
89.8093 
89.8093 
93.8761 
93.8761 
93.8761 
93.8761 
93.8761 
93.8761 
93.8761 
93.8761 
93.8761 
93.8761 
93.8761 
99.5371 
99.5371 
99.5371 
99.5371 
99.5371 
99.5371 
99.5371 
99.5371 
99.5371 
99.5371 
99.5371 
99.5371 
104.219 
104.219 
104.219 
104.219 
104.219 
104.219 
104.219 
104.219 
104.219 
104.219 
104.219 
104.219 
104.219 
111.061 
111.061 
111.061 
111.061 
111.061 
111.061 
111.061 
111.061 
111.061 
111.061 
111.061 
111.061 
111.061 
117.823 
117.823 
117.823 
117.823 
117.823 
117.823 
117.823 
117.823 
117.823 
117.823 
117.823 
117.823 
117.823 
117.823 
122.264 
122.264 
122.264 
122.264 
122.264 
122.264 
122.264 
122.264 
122.264 
122.264 
122.264 
122.264 
122.264 
116.951 
116.951 
116.951 
116.951 
116.951 
116.951 
116.951 
116.951 
116.951 
116.951 
116.951 
97.8466 
97.8466 
97.8466 
97.8466 
97.8466 
97.8466 
97.8466 
97.8466 
97.8466 
97.8466 
82.218 
82.218 
82.218 
82.218 
82.218 
82.218 
82.218 
82.218 
82.218 
79.5423 
79.5423 
79.5423 
79.5423 
79.5423 
79.5423 
79.5423 
79.5423 
79.5423 
79.5423 
81.8608 
81.8608 
81.8608 
81.8608 
81.8608 
81.8608 
81.8608 
81.8608 
81.8608 
81.8608 
86.6508 
86.6508 
86.6508 
86.6508 
86.6508 
86.6508 
86.6508 
86.6508 
86.6508 
86.6508 
86.5414 
86.5414 
86.5414 
86.5414 
86.5414 
86.5414 
86.5414 
86.5414 
86.5414 
86.5414 
85.492 
85.492 
85.492 
85.492 
85.492 
85.492 
85.492 
85.492 
85.492 
85.492 
85.2811 
85.2811 
85.2811 
85.2811 
85.2811 
85.2811 
85.2811 
85.2811 
85.2811 
85.2811 
89.0489 
89.0489 
89.0489 
89.0489 
89.0489 
89.0489 
89.0489 
89.0489 
89.0489 
89.0489 
89.4004 
89.4004 
89.4004 
89.4004 
89.4004 
89.4004 
89.4004 
89.4004 
89.4004 
89.4004 
89.2828 
89.2828 
89.2828 
89.2828 
89.2828 
89.2828 
89.2828 
89.2828 
89.2828 
89.2828 
89.0282 
89.0282 
89.0282 
89.0282 
89.0282 
89.0282 
89.0282 
89.0282 
89.0282 
89.0282 
89.1874 
89.1874 
89.1874 
89.1874 
89.1874 
89.1874 
89.1874 
89.1874 
89.1874 
89.1874 
89.1874 
91.0893 
91.0893 
91.0893 
91.0893 
91.0893 
91.0893 
91.0893 
91.0893 
91.0893 
91.0893 
91.0893 
90.8035 
90.8035 
90.8035 
90.8035 
90.8035 
90.8035 
90.8035 
90.8035 
90.8035 
90.8035 
80.8544 
80.8544 
80.8544 
80.8544 
80.8544 
80.8544 
80.8544 
80.8544 
80.8544 
76.3365 
76.3365 
76.3365 
76.3365 
76.3365 
76.3365 
76.3365 
76.3365 
76.3365 
71.2813 
71.2813 
71.2813 
71.2813 
71.2813 
71.2813 
71.2813 
71.2813 
67.078 
67.078 
67.078 
67.078 
67.078 
67.078 
67.078 
67.078 
66.4709 
66.4709 
66.4709 
66.4709 
66.4709 
66.4709 
66.4709 
66.4709 
63.0165 
63.0165 
63.0165 
63.0165 
63.0165 
63.0165 
63.0165 
56.7159 
56.7159 
56.7159 
56.7159 
56.7159 
56.7159 
56.7159 
53.4343 
53.4343 
53.4343 
53.4343 
53.4343 
53.4343 
53.4343 
54.4707 
54.4707 
54.4707 
54.4707 
54.4707 
54.4707 
54.4707 
55.6238 
55.6238 
55.6238 
55.6238 
55.6238 
55.6238 
55.6238 
57.3458 
57.3458 
57.3458 
57.3458 
57.3458 
57.3458 
57.3458 
58.4285 
58.4285 
58.4285 
58.4285 
58.4285 
58.4285 
58.4285 
59.2727 
59.2727 
59.2727 
59.2727 
59.2727 
59.2727 
59.2727 
59.516 
59.516 
59.516 
59.516 
59.516 
59.516 
59.516 
58.9457 
58.9457 
58.9457 
58.9457 
58.9457 
58.9457 
58.9457 
59.1949 
59.1949 
59.1949 
59.1949 
59.1949 
59.1949 
59.1949 
59.1949 
61.8157 
61.8157 
61.8157 
61.8157 
61.8157 
61.8157 
61.8157 
61.8157 
63.7856 
63.7856 
63.7856 
63.7856 
63.7856 
63.7856 
63.7856 
63.7856 
65.0466 
65.0466 
65.0466 
65.0466 
65.0466 
65.0466 
65.0466 
65.0466 
66.2688 
66.2688 
66.2688 
66.2688 
66.2688 
66.2688 
66.2688 
66.2688 
67.2202 
67.2202 
67.2202 
67.2202 
67.2202 
67.2202 
67.2202 
67.2202 
67.5659 
67.5659 
67.5659 
67.5659 
67.5659 
67.5659 
67.5659 
67.5659 
67.2961 
67.2961 
67.2961 
67.2961 
67.2961 
67.2961 
67.2961 
67.2961 
67.3607 
67.3607 
67.3607 
67.3607 
67.3607 
67.3607 
67.3607 
67.3607 
68.8084 
68.8084 
68.8084 
68.8084 
68.8084 
68.8084 
68.8084 
68.8084 
68.8084 
71.3691 
71.3691 
71.3691 
71.3691 
71.3691 
71.3691 
71.3691 
71.3691 
71.3691 
71.3623 
71.3623 
71.3623 
71.3623 
71.3623 
71.3623 
71.3623 
71.3623 
69.9018 
69.9018 
69.9018 
69.9018 
69.9018 
69.9018 
69.9018 
69.9018 
69.9018 
71.6652 
71.6652 
71.6652 
71.6652 
71.6652 
71.6652 
71.6652 
71.6652 
71.6652 
72.3112 
72.3112 
72.3112 
72.3112 
72.3112 
72.3112 
72.3112 
72.3112 
69.7544 
69.7544 
69.7544 
69.7544 
69.7544 
69.7544 
69.7544 
69.7544 
67.8774 
67.8774 
67.8774 
67.8774 
67.8774 
67.8774 
67.8774 
67.8774 
66.631 
66.631 
66.631 
66.631 
66.631 
66.631 
66.631 
66.631 
66.8687 
66.8687 
66.8687 
66.8687 
66.8687 
66.8687 
66.8687 
66.8687 
67.7835 
67.7835 
67.7835 
67.7835 
67.7835 
67.7835 
67.7835 
67.7835 
69.294 
69.294 
69.294 
69.294 
69.294 
69.294 
69.294 
69.294 
69.8216 
69.8216 
69.8216 
69.8216 
69.8216 
69.8216 
69.8216 
69.8216 
69.8216 
72.4299 
72.4299 
72.4299 
72.4299 
72.4299 
72.4299 
72.4299 
72.4299 
72.4299 
71.8185 
71.8185 
71.8185 
71.8185 
71.8185 
71.8185 
71.8185 
71.8185 
71.8185 
71.6963 
71.6963 
71.6963 
71.6963 
71.6963 
71.6963 
71.6963 
71.6963 
71.6963 
73.0071 
73.0071 
73.0071 
73.0071 
73.0071 
73.0071 
73.0071 
73.0071 
73.0071 
73.8761 
73.8761 
73.8761 
73.8761 
73.8761 
73.8761 
73.8761 
73.8761 
73.8761 
76.2516 
76.2516 
76.2516 
76.2516 
76.2516 
76.2516 
76.2516 
76.2516 
76.2516 
79.6897 
79.6897 
79.6897 
79.6897 
79.6897 
79.6897 
79.6897 
79.6897 
79.6897 
79.6897 
81.7597 
81.7597 
81.7597 
81.7597 
81.7597 
81.7597 
81.7597 
81.7597 
81.7597 
81.7597 
85.6814 
85.6814 
85.6814 
85.6814 
85.6814 
85.6814 
85.6814 
85.6814 
85.6814 
85.6814 
87.9287 
87.9287 
87.9287 
87.9287 
87.9287 
87.9287 
87.9287 
87.9287 
87.9287 
87.9287 
87.9287 
91.3295 
91.3295 
91.3295 
91.3295 
91.3295 
91.3295 
91.3295 
91.3295 
91.3295 
91.3295 
89.3021 
89.3021 
89.3021 
89.3021 
89.3021 
89.3021 
89.3021 
89.3021 
89.3021 
89.3021 
84.6697 
84.6697 
84.6697 
84.6697 
84.6697 
84.6697 
84.6697 
84.6697 
84.6697 
84.6697 
81.2458 
81.2458 
81.2458 
81.2458 
81.2458 
81.2458 
81.2458 
81.2458 
81.2458 
81.2458 
81.7915 
81.7915 
81.7915 
81.7915 
81.7915 
81.7915 
81.7915 
81.7915 
81.7915 
81.7915 
83.6503 
83.6503 
83.6503 
83.6503 
83.6503 
83.6503 
83.6503 
83.6503 
83.6503 
83.6503 
84.5248 
84.5248 
84.5248 
84.5248 
84.5248 
84.5248 
84.5248 
84.5248 
84.5248 
84.5248 
82.8446 
82.8446 
82.8446 
82.8446 
82.8446 
82.8446 
82.8446 
82.8446 
82.8446 
82.8446 
81.5038 
81.5038 
81.5038 
81.5038 
81.5038 
81.5038 
81.5038 
81.5038 
81.5038 
81.5038 
83.5069 
83.5069 
83.5069 
83.5069 
83.5069 
83.5069 
83.5069 
83.5069 
83.5069 
78.4164 
78.4164 
78.4164 
78.4164 
78.4164 
78.4164 
78.4164 
78.4164 
78.4164 
74.0574 
74.0574 
74.0574 
74.0574 
74.0574 
74.0574 
74.0574 
74.0574 
66.9833 
66.9833 
66.9833 
66.9833 
66.9833 
66.9833 
66.9833 
66.9833 
61.8662 
61.8662 
61.8662 
61.8662 
61.8662 
61.8662 
61.8662 
54.763 
54.763 
54.763 
54.763 
54.763 
54.763 
54.763 
52.3109 
52.3109 
52.3109 
52.3109 
52.3109 
52.3109 
48.3573 
48.3573 
48.3573 
48.3573 
48.3573 
48.3573 
46.4966 
46.4966 
46.4966 
46.4966 
46.4966 
46.4966 
47.7117 
47.7117 
47.7117 
47.7117 
47.7117 
47.7117 
45.2748 
45.2748 
45.2748 
45.2748 
45.2748 
45.2748 
46.313 
46.313 
46.313 
46.313 
46.313 
46.313 
47.0151 
47.0151 
47.0151 
47.0151 
47.0151 
47.0151 
47.1113 
47.1113 
47.1113 
47.1113 
47.1113 
47.1113 
46.3218 
46.3218 
46.3218 
46.3218 
46.3218 
46.3218 
46.1871 
46.1871 
46.1871 
46.1871 
46.1871 
46.1871 
46.6352 
46.6352 
46.6352 
46.6352 
46.6352 
46.6352 
47.4422 
47.4422 
47.4422 
47.4422 
47.4422 
47.4422 
48.077 
48.077 
48.077 
48.077 
48.077 
48.077 
48.7166 
48.7166 
48.7166 
48.7166 
48.7166 
48.7166 
48.7166 
51.5993 
51.5993 
51.5993 
51.5993 
51.5993 
51.5993 
51.5993 
53.0635 
53.0635 
53.0635 
53.0635 
53.0635 
53.0635 
53.0635 
52.3884 
52.3884 
52.3884 
52.3884 
52.3884 
52.3884 
52.3884 
52.3699 
52.3699 
52.3699 
52.3699 
52.3699 
52.3699 
52.3699 
53.5317 
53.5317 
53.5317 
53.5317 
53.5317 
53.5317 
53.5317 
55.8579 
55.8579 
55.8579 
55.8579 
55.8579 
55.8579 
55.8579 
57.9449 
57.9449 
57.9449 
57.9449 
57.9449 
57.9449 
57.9449 
59.6147 
59.6147 
59.6147 
59.6147 
59.6147 
59.6147 
59.6147 
59.6147 
62.5637 
62.5637 
62.5637 
62.5637 
62.5637 
62.5637 
62.5637 
62.5637 
65.579 
65.579 
65.579 
65.579 
65.579 
65.579 
65.579 
65.579 
65.579 
72.25 
72.25 
72.25 
72.25 
72.25 
72.25 
72.25 
72.25 
72.25 
72.25 
81.9201 
81.9201 
81.9201 
81.9201 
81.9201 
81.9201 
81.9201 
81.9201 
81.9201 
81.9201 
79.6093 
79.6093 
79.6093 
79.6093 
79.6093 
79.6093 
47.2093 
47.2093 
47.2093 
47.2093 
47.2093 
47.2093 
46.7736 
46.7736 
46.7736 
46.7736 
46.7736 
46.7736 
48.1645 
48.1645 
48.1645 
48.1645 
48.1645 
48.1645 
48.6171 
48.6171 
48.6171 
48.6171 
48.6171 
48.6171 
48.9708 
48.9708 
48.9708 
48.9708 
48.9708 
48.9708 
49.8485 
49.8485 
49.8485 
49.8485 
49.8485 
49.8485 
49.8485 
52.7967 
52.7967 
52.7967 
52.7967 
52.7967 
52.7967 
52.7967 
54.2244 
54.2244 
54.2244 
54.2244 
54.2244 
54.2244 
54.2244 
53.6566 
53.6566 
53.6566 
53.6566 
53.6566 
53.6566 
53.6566 
54.53 
54.53 
54.53 
54.53 
54.53 
54.53 
54.53 
56.0377 
56.0377 
56.0377 
56.0377 
56.0377 
56.0377 
56.0377 
56.5479 
56.5479 
56.5479 
56.5479 
56.5479 
56.5479 
56.5479 
57.937 
57.937 
57.937 
57.937 
57.937 
57.937 
57.937 
57.937 
62.1943 
62.1943 
62.1943 
62.1943 
62.1943 
62.1943 
62.1943 
62.1943 
64.3848 
64.3848 
64.3848 
64.3848 
64.3848 
64.3848 
64.3848 
64.3848 
68.1796 
68.1796 
68.1796 
68.1796 
68.1796 
68.1796 
68.1796 
68.1796 
69.1246 
69.1246 
69.1246 
69.1246 
69.1246 
69.1246 
69.1246 
69.1246 
69.1246 
72.1625 
72.1625 
72.1625 
72.1625 
72.1625 
72.1625 
72.1625 
72.1625 
72.1625 
75.8687 
75.8687 
75.8687 
75.8687 
75.8687 
75.8687 
75.8687 
75.8687 
75.8687 
76.4388 
76.4388 
76.4388 
76.4388 
76.4388 
76.4388 
76.4388 
76.4388 
76.4388 
78.7859 
78.7859 
78.7859 
78.7859 
78.7859 
78.7859 
78.7859 
78.7859 
78.7859 
78.7859 
83.4186 
83.4186 
83.4186 
83.4186 
83.4186 
83.4186 
83.4186 
83.4186 
83.4186 
83.4186 
83.4186 
92.5988 
92.5988 
92.5988 
92.5988 
92.5988 
92.5988 
92.5988 
92.5988 
92.5988 
92.5988 
92.5988 
92.5988 
105.316 
105.316 
105.316 
105.316 
105.316 
105.316 
105.316 
105.316 
105.316 
105.316 
105.316 
105.316 
108.316 
108.316 
108.316 
108.316 
108.316 
108.316 
108.316 
108.316 
108.316 
108.316 
108.316 
108.316 
108.316 
114.516 
114.516 
114.516 
114.516 
114.516 
114.516 
114.516 
114.516 
114.516 
114.516 
114.516 
114.516 
114.516 
116.277 
116.277 
116.277 
116.277 
116.277 
116.277 
116.277 
116.277 
116.277 
116.277 
116.277 
116.277 
116.277 
118.283 
118.283 
118.283 
118.283 
118.283 
118.283 
118.283 
118.283 
118.283 
118.283 
118.283 
118.283 
118.283 
115.433 
115.433 
115.433 
115.433 
115.433 
115.433 
115.433 
115.433 
115.433 
115.433 
115.433 
115.433 
115.433 
116.136 
116.136 
116.136 
116.136 
116.136 
116.136 
116.136 
116.136 
116.136 
116.136 
116.136 
116.136 
116.136 
117.344 
117.344 
117.344 
117.344 
117.344 
117.344 
117.344 
117.344 
117.344 
117.344 
117.344 
117.344 
117.344 
116.862 
116.862 
116.862 
116.862 
116.862 
116.862 
116.862 
116.862 
116.862 
116.862 
116.862 
116.862 
116.862 
114.052 
114.052 
114.052 
114.052 
114.052 
114.052 
114.052 
114.052 
114.052 
114.052 
114.052 
114.052 
114.052 
