0 
0 
0 
0 
0 
41.161 
41.161 
41.161 
41.161 
41.161 
41.161 
46.2668 
46.2668 
46.2668 
46.2668 
46.2668 
46.2668 
46.2668 
53.0021 
53.0021 
53.0021 
53.0021 
53.0021 
53.0021 
53.0021 
56.3832 
56.3832 
56.3832 
56.3832 
56.3832 
56.3832 
56.3832 
57.7125 
57.7125 
57.7125 
57.7125 
57.7125 
57.7125 
57.7125 
58.5719 
58.5719 
58.5719 
58.5719 
58.5719 
58.5719 
58.5719 
58.3418 
58.3418 
58.3418 
58.3418 
58.3418 
58.3418 
58.3418 
58.4687 
58.4687 
58.4687 
58.4687 
58.4687 
58.4687 
58.4687 
58.4173 
58.4173 
58.4173 
58.4173 
58.4173 
58.4173 
58.4173 
58.4176 
58.4176 
58.4176 
58.4176 
58.4176 
58.4176 
58.4176 
58.242 
58.242 
58.242 
58.242 
58.242 
58.242 
58.242 
55.7496 
55.7496 
55.7496 
55.7496 
55.7496 
39.8987 
39.8987 
39.8987 
39.8987 
39.8987 
39.833 
39.833 
39.833 
39.833 
39.833 
39.9388 
39.9388 
39.9388 
39.9388 
39.9388 
39.8057 
39.8057 
39.8057 
39.8057 
39.8057 
39.917 
39.917 
39.917 
39.917 
39.917 
39.8878 
39.8878 
39.8878 
39.8878 
39.8878 
39.8878 
41.9529 
41.9529 
41.9529 
41.9529 
41.9529 
41.9529 
42.2852 
42.2852 
42.2852 
42.2852 
42.2852 
42.2852 
43.4429 
43.4429 
43.4429 
43.4429 
43.4429 
43.4429 
44.4984 
44.4984 
44.4984 
44.4984 
44.4984 
44.4984 
44.8139 
44.8139 
44.8139 
44.8139 
44.8139 
44.8139 
44.7404 
44.7404 
44.7404 
44.7404 
44.7404 
44.7404 
45.0167 
45.0167 
45.0167 
45.0167 
45.0167 
45.0167 
45.612 
45.612 
45.612 
45.612 
45.612 
45.612 
46.6037 
46.6037 
46.6037 
46.6037 
46.6037 
46.6037 
47.283 
47.283 
47.283 
47.283 
47.283 
47.283 
49.0503 
49.0503 
49.0503 
49.0503 
49.0503 
49.0503 
49.0503 
53.1569 
53.1569 
53.1569 
53.1569 
53.1569 
53.1569 
53.1569 
55.4954 
55.4954 
55.4954 
55.4954 
55.4954 
55.4954 
55.4954 
58.1761 
58.1761 
58.1761 
58.1761 
58.1761 
58.1761 
58.1761 
58.1761 
62.2871 
62.2871 
62.2871 
62.2871 
62.2871 
62.2871 
62.2871 
62.2871 
67.639 
67.639 
67.639 
67.639 
67.639 
67.639 
67.639 
67.639 
67.613 
67.613 
67.613 
67.613 
67.613 
67.613 
67.613 
67.613 
66.9285 
66.9285 
66.9285 
66.9285 
66.9285 
66.9285 
66.9285 
66.9285 
67.6877 
67.6877 
67.6877 
67.6877 
67.6877 
67.6877 
67.6877 
67.6877 
66.7212 
66.7212 
66.7212 
66.7212 
66.7212 
66.7212 
66.7212 
66.7212 
65.4278 
65.4278 
65.4278 
65.4278 
65.4278 
65.4278 
65.4278 
65.4278 
66.008 
66.008 
66.008 
66.008 
66.008 
66.008 
66.008 
66.008 
66.008 
72.4962 
72.4962 
72.4962 
72.4962 
72.4962 
72.4962 
72.4962 
72.4962 
72.4962 
74.5479 
74.5479 
74.5479 
74.5479 
74.5479 
74.5479 
74.5479 
74.5479 
74.5479 
75.8746 
75.8746 
75.8746 
75.8746 
75.8746 
75.8746 
75.8746 
75.8746 
75.8746 
76.0887 
76.0887 
76.0887 
76.0887 
76.0887 
76.0887 
76.0887 
76.0887 
76.0887 
74.1049 
74.1049 
74.1049 
74.1049 
74.1049 
74.1049 
74.1049 
74.1049 
69.461 
69.461 
69.461 
69.461 
69.461 
69.461 
69.461 
69.461 
64.4007 
64.4007 
64.4007 
64.4007 
64.4007 
64.4007 
64.4007 
59.2429 
59.2429 
59.2429 
59.2429 
59.2429 
59.2429 
49.7453 
49.7453 
49.7453 
49.7453 
49.7453 
49.7453 
46.3422 
46.3422 
46.3422 
46.3422 
46.3422 
46.3422 
42.6159 
42.6159 
42.6159 
42.6159 
42.6159 
39.28 
39.28 
39.28 
39.28 
39.28 
39.28 
42.4372 
42.4372 
42.4372 
42.4372 
42.4372 
42.4372 
44.2575 
44.2575 
44.2575 
44.2575 
44.2575 
44.2575 
45.2824 
45.2824 
45.2824 
45.2824 
45.2824 
45.2824 
44.4823 
44.4823 
44.4823 
44.4823 
44.4823 
44.4823 
41.856 
41.856 
41.856 
41.856 
41.856 
39.6895 
39.6895 
39.6895 
39.6895 
39.6895 
39.4144 
39.4144 
39.4144 
39.4144 
39.4144 
39.8498 
39.8498 
39.8498 
39.8498 
39.8498 
39.8498 
42.4195 
42.4195 
42.4195 
42.4195 
42.4195 
42.4195 
42.8273 
42.8273 
42.8273 
42.8273 
42.8273 
42.8273 
43.1973 
43.1973 
43.1973 
43.1973 
43.1973 
43.1973 
43.0699 
43.0699 
43.0699 
43.0699 
43.0699 
43.0699 
43.5445 
43.5445 
43.5445 
43.5445 
43.5445 
43.5445 
43.9216 
43.9216 
43.9216 
43.9216 
43.9216 
43.9216 
43.6134 
43.6134 
43.6134 
43.6134 
43.6134 
43.6134 
42.5078 
42.5078 
42.5078 
42.5078 
42.5078 
39.9533 
39.9533 
39.9533 
39.9533 
39.9533 
39.9377 
39.9377 
39.9377 
39.9377 
39.9377 
39.9377 
43.2272 
43.2272 
43.2272 
43.2272 
43.2272 
43.2272 
44.1583 
44.1583 
44.1583 
44.1583 
44.1583 
44.1583 
45.0663 
45.0663 
45.0663 
45.0663 
45.0663 
45.0663 
45.6629 
45.6629 
45.6629 
45.6629 
45.6629 
45.6629 
46.6763 
46.6763 
46.6763 
46.6763 
46.6763 
46.6763 
46.7569 
46.7569 
46.7569 
46.7569 
46.7569 
46.7569 
46.9313 
46.9313 
46.9313 
46.9313 
46.9313 
46.9313 
47.6353 
47.6353 
47.6353 
47.6353 
47.6353 
47.6353 
49.1301 
49.1301 
49.1301 
49.1301 
49.1301 
49.1301 
49.1301 
53.0613 
53.0613 
53.0613 
53.0613 
53.0613 
53.0613 
53.0613 
56.2313 
56.2313 
56.2313 
56.2313 
56.2313 
56.2313 
56.2313 
56.6797 
56.6797 
56.6797 
56.6797 
56.6797 
56.6797 
56.6797 
56.5507 
56.5507 
56.5507 
56.5507 
56.5507 
56.5507 
56.5507 
57.4049 
57.4049 
57.4049 
57.4049 
57.4049 
57.4049 
57.4049 
56.9459 
56.9459 
56.9459 
56.9459 
56.9459 
56.9459 
56.9459 
56.9239 
56.9239 
56.9239 
56.9239 
56.9239 
56.9239 
56.9239 
57.2919 
57.2919 
57.2919 
57.2919 
57.2919 
57.2919 
57.2919 
57.2484 
57.2484 
57.2484 
57.2484 
57.2484 
57.2484 
57.2484 
58.1295 
58.1295 
58.1295 
58.1295 
58.1295 
58.1295 
58.1295 
58.1295 
62.2641 
62.2641 
62.2641 
62.2641 
62.2641 
62.2641 
62.2641 
62.2641 
65.0066 
65.0066 
65.0066 
65.0066 
65.0066 
65.0066 
65.0066 
65.0066 
65.9534 
65.9534 
65.9534 
65.9534 
65.9534 
65.9534 
65.9534 
65.9534 
68.6069 
68.6069 
68.6069 
68.6069 
68.6069 
68.6069 
68.6069 
68.6069 
69.7829 
69.7829 
69.7829 
69.7829 
69.7829 
69.7829 
69.7829 
69.7829 
69.815 
69.815 
69.815 
69.815 
69.815 
69.815 
69.815 
69.815 
69.815 
71.9558 
71.9558 
71.9558 
71.9558 
71.9558 
71.9558 
71.9558 
71.9558 
71.9558 
74.6493 
74.6493 
74.6493 
74.6493 
74.6493 
74.6493 
74.6493 
74.6493 
74.6493 
74.6493 
81.9322 
81.9322 
81.9322 
81.9322 
81.9322 
81.9322 
81.9322 
81.9322 
81.9322 
81.9322 
82.0143 
82.0143 
82.0143 
82.0143 
82.0143 
82.0143 
82.0143 
82.0143 
82.0143 
77.8496 
77.8496 
77.8496 
77.8496 
77.8496 
77.8496 
77.8496 
77.8496 
77.8496 
76.5395 
76.5395 
76.5395 
76.5395 
76.5395 
76.5395 
76.5395 
76.5395 
76.5395 
72.3417 
72.3417 
72.3417 
72.3417 
72.3417 
72.3417 
72.3417 
72.3417 
69.0881 
69.0881 
69.0881 
69.0881 
69.0881 
69.0881 
69.0881 
69.0881 
64.912 
64.912 
64.912 
64.912 
64.912 
64.912 
64.912 
64.912 
63.1354 
63.1354 
63.1354 
63.1354 
63.1354 
63.1354 
63.1354 
63.1354 
61.5653 
61.5653 
61.5653 
61.5653 
61.5653 
61.5653 
61.5653 
59.2246 
59.2246 
59.2246 
59.2246 
59.2246 
59.2246 
59.2246 
59.2246 
64.8028 
64.8028 
64.8028 
64.8028 
64.8028 
64.8028 
64.8028 
64.8028 
68.3782 
68.3782 
68.3782 
68.3782 
68.3782 
68.3782 
68.3782 
68.3782 
68.3782 
72.0161 
72.0161 
72.0161 
72.0161 
72.0161 
72.0161 
72.0161 
72.0161 
72.0161 
74.6663 
74.6663 
74.6663 
74.6663 
74.6663 
74.6663 
74.6663 
74.6663 
74.6663 
75.084 
75.084 
75.084 
75.084 
75.084 
75.084 
75.084 
75.084 
75.084 
76.7672 
76.7672 
76.7672 
76.7672 
76.7672 
76.7672 
76.7672 
76.7672 
76.7672 
77.6782 
77.6782 
77.6782 
77.6782 
77.6782 
77.6782 
77.6782 
77.6782 
77.6782 
78.7544 
78.7544 
78.7544 
78.7544 
78.7544 
78.7544 
78.7544 
78.7544 
78.7544 
75.6295 
75.6295 
75.6295 
75.6295 
75.6295 
75.6295 
75.6295 
75.6295 
75.6295 
75.7689 
75.7689 
75.7689 
75.7689 
75.7689 
75.7689 
75.7689 
75.7689 
75.7689 
71.3547 
71.3547 
71.3547 
71.3547 
71.3547 
71.3547 
71.3547 
71.3547 
60.8203 
60.8203 
60.8203 
60.8203 
60.8203 
60.8203 
60.8203 
53.732 
53.732 
53.732 
53.732 
53.732 
53.732 
49.5072 
49.5072 
49.5072 
49.5072 
49.5072 
49.5072 
46.8741 
46.8741 
46.8741 
46.8741 
46.8741 
46.8741 
43.5638 
43.5638 
43.5638 
43.5638 
43.5638 
39.9101 
39.9101 
39.9101 
39.9101 
39.9101 
39.1352 
39.1352 
39.1352 
39.1352 
39.1352 
37.7784 
37.7784 
37.7784 
37.7784 
37.7784 
36.4644 
36.4644 
36.4644 
36.4644 
36.4644 
36.3204 
36.3204 
36.3204 
36.3204 
36.3204 
37.2687 
37.2687 
37.2687 
37.2687 
37.2687 
37.3915 
37.3915 
37.3915 
37.3915 
37.3915 
38.578 
38.578 
38.578 
38.578 
38.578 
38.7464 
38.7464 
38.7464 
38.7464 
38.7464 
38.5895 
38.5895 
38.5895 
38.5895 
38.5895 
38.6209 
38.6209 
38.6209 
38.6209 
38.6209 
39.7197 
39.7197 
39.7197 
39.7197 
39.7197 
39.7197 
42.07 
42.07 
42.07 
42.07 
42.07 
42.07 
42.5948 
42.5948 
42.5948 
42.5948 
42.5948 
42.5948 
43.3057 
43.3057 
43.3057 
43.3057 
43.3057 
43.3057 
44.9469 
44.9469 
44.9469 
44.9469 
44.9469 
44.9469 
46.5675 
46.5675 
46.5675 
46.5675 
46.5675 
46.5675 
47.4122 
47.4122 
47.4122 
47.4122 
47.4122 
47.4122 
48.2173 
48.2173 
48.2173 
48.2173 
48.2173 
48.2173 
49.023 
49.023 
49.023 
49.023 
49.023 
49.023 
48.1253 
48.1253 
48.1253 
48.1253 
48.1253 
48.1253 
48.7073 
48.7073 
48.7073 
48.7073 
48.7073 
48.7073 
49.2559 
49.2559 
49.2559 
49.2559 
49.2559 
49.2559 
48.5529 
48.5529 
48.5529 
48.5529 
48.5529 
48.5529 
48.0624 
48.0624 
48.0624 
48.0624 
48.0624 
48.0624 
47.5624 
47.5624 
47.5624 
47.5624 
47.5624 
47.5624 
47.3534 
47.3534 
47.3534 
47.3534 
47.3534 
47.3534 
47.619 
47.619 
47.619 
47.619 
47.619 
47.619 
48.4754 
48.4754 
48.4754 
48.4754 
48.4754 
48.4754 
48.4321 
48.4321 
48.4321 
48.4321 
48.4321 
48.4321 
49.3318 
49.3318 
49.3318 
49.3318 
49.3318 
49.3318 
49.5186 
49.5186 
49.5186 
49.5186 
49.5186 
49.5186 
49.9907 
49.9907 
49.9907 
49.9907 
49.9907 
49.9907 
49.9907 
51.9147 
51.9147 
51.9147 
51.9147 
51.9147 
51.9147 
51.9147 
53.4036 
53.4036 
53.4036 
53.4036 
53.4036 
53.4036 
53.4036 
54.08 
54.08 
54.08 
54.08 
54.08 
54.08 
54.08 
56.0366 
56.0366 
56.0366 
56.0366 
56.0366 
56.0366 
56.0366 
57.4712 
57.4712 
57.4712 
57.4712 
57.4712 
57.4712 
57.4712 
59.0499 
59.0499 
59.0499 
59.0499 
59.0499 
59.0499 
59.0499 
59.0499 
62.6241 
62.6241 
62.6241 
62.6241 
62.6241 
62.6241 
62.6241 
62.6241 
64.3329 
64.3329 
64.3329 
64.3329 
64.3329 
64.3329 
64.3329 
64.3329 
66.8703 
66.8703 
66.8703 
66.8703 
66.8703 
66.8703 
66.8703 
66.8703 
68.8663 
68.8663 
68.8663 
68.8663 
68.8663 
68.8663 
68.8663 
68.8663 
68.8663 
71.9915 
71.9915 
71.9915 
71.9915 
71.9915 
71.9915 
71.9915 
71.9915 
71.9915 
74.455 
74.455 
74.455 
74.455 
74.455 
74.455 
74.455 
74.455 
74.455 
75.8392 
75.8392 
75.8392 
75.8392 
75.8392 
75.8392 
75.8392 
75.8392 
75.8392 
76.8158 
76.8158 
76.8158 
76.8158 
76.8158 
76.8158 
76.8158 
76.8158 
76.8158 
77.6247 
77.6247 
77.6247 
77.6247 
77.6247 
77.6247 
77.6247 
77.6247 
77.6247 
78.1866 
78.1866 
78.1866 
78.1866 
78.1866 
78.1866 
78.1866 
78.1866 
78.1866 
75.7088 
75.7088 
75.7088 
75.7088 
75.7088 
75.7088 
75.7088 
75.7088 
75.7088 
73.4982 
73.4982 
73.4982 
73.4982 
73.4982 
73.4982 
73.4982 
73.4982 
64.8367 
64.8367 
64.8367 
64.8367 
64.8367 
64.8367 
64.8367 
59.6611 
59.6611 
59.6611 
59.6611 
59.6611 
59.6611 
59.6611 
55.0708 
55.0708 
55.0708 
55.0708 
55.0708 
55.0708 
49.7108 
49.7108 
49.7108 
49.7108 
49.7108 
49.7108 
44.6159 
44.6159 
44.6159 
44.6159 
44.6159 
39.4669 
39.4669 
39.4669 
39.4669 
39.4669 
39.4669 
42.2142 
42.2142 
42.2142 
42.2142 
42.2142 
42.2142 
43.5241 
43.5241 
43.5241 
43.5241 
43.5241 
43.5241 
45.0576 
45.0576 
45.0576 
45.0576 
45.0576 
45.0576 
45.559 
45.559 
45.559 
45.559 
45.559 
45.559 
44.1428 
44.1428 
44.1428 
44.1428 
44.1428 
39.9354 
39.9354 
39.9354 
39.9354 
39.9354 
39.0185 
39.0185 
39.0185 
39.0185 
39.0185 
39.277 
39.277 
39.277 
39.277 
39.277 
38.5917 
38.5917 
38.5917 
38.5917 
38.5917 
37.8066 
37.8066 
37.8066 
37.8066 
37.8066 
37.2514 
37.2514 
37.2514 
37.2514 
37.2514 
36.3375 
36.3375 
36.3375 
36.3375 
36.3375 
35.7723 
35.7723 
35.7723 
35.7723 
35.7723 
36.136 
36.136 
36.136 
36.136 
36.136 
35.9723 
35.9723 
35.9723 
35.9723 
35.9723 
36.7325 
36.7325 
36.7325 
36.7325 
36.7325 
37.0895 
37.0895 
37.0895 
37.0895 
37.0895 
37.6771 
37.6771 
37.6771 
37.6771 
37.6771 
37.9732 
37.9732 
37.9732 
37.9732 
37.9732 
38.144 
38.144 
38.144 
38.144 
38.144 
38.3943 
38.3943 
38.3943 
38.3943 
38.3943 
38.1637 
38.1637 
38.1637 
38.1637 
38.1637 
38.2975 
38.2975 
38.2975 
38.2975 
38.2975 
39.0483 
39.0483 
39.0483 
39.0483 
39.0483 
39.0118 
39.0118 
39.0118 
39.0118 
39.0118 
39.1439 
39.1439 
39.1439 
39.1439 
39.1439 
39.1439 
41.8365 
41.8365 
41.8365 
41.8365 
41.8365 
41.8365 
41.9833 
41.9833 
41.9833 
41.9833 
41.9833 
41.9833 
42.1734 
42.1734 
42.1734 
42.1734 
42.1734 
39.8391 
39.8391 
39.8391 
39.8391 
39.8391 
39.8391 
41.7942 
41.7942 
41.7942 
41.7942 
41.7942 
41.7942 
43.7664 
43.7664 
43.7664 
43.7664 
43.7664 
43.7664 
44.5574 
44.5574 
44.5574 
44.5574 
44.5574 
44.5574 
45.4182 
45.4182 
45.4182 
45.4182 
45.4182 
45.4182 
45.7385 
45.7385 
45.7385 
45.7385 
45.7385 
45.7385 
47.432 
47.432 
47.432 
47.432 
47.432 
47.432 
48.767 
48.767 
48.767 
48.767 
48.767 
48.767 
48.5674 
48.5674 
48.5674 
48.5674 
48.5674 
48.5674 
48.8152 
48.8152 
48.8152 
48.8152 
48.8152 
48.8152 
49.6399 
49.6399 
49.6399 
49.6399 
49.6399 
49.6399 
49.6399 
52.8542 
52.8542 
52.8542 
52.8542 
52.8542 
52.8542 
52.8542 
53.2417 
53.2417 
53.2417 
53.2417 
53.2417 
53.2417 
53.2417 
55.2015 
55.2015 
55.2015 
55.2015 
55.2015 
55.2015 
55.2015 
56.6568 
56.6568 
56.6568 
56.6568 
56.6568 
56.6568 
56.6568 
58.8165 
58.8165 
58.8165 
58.8165 
58.8165 
58.8165 
58.8165 
58.8165 
62.6871 
62.6871 
62.6871 
62.6871 
62.6871 
62.6871 
62.6871 
62.6871 
65.1437 
65.1437 
65.1437 
65.1437 
65.1437 
65.1437 
65.1437 
65.1437 
67.4651 
67.4651 
67.4651 
67.4651 
67.4651 
67.4651 
67.4651 
67.4651 
67.4651 
72.2601 
72.2601 
72.2601 
72.2601 
72.2601 
72.2601 
72.2601 
72.2601 
72.2601 
79.6215 
79.6215 
79.6215 
79.6215 
79.6215 
79.6215 
79.6215 
79.6215 
79.6215 
79.6215 
79.6215 
91.4044 
91.4044 
91.4044 
91.4044 
91.4044 
91.4044 
91.4044 
91.4044 
91.4044 
91.4044 
91.4044 
95.8116 
95.8116 
95.8116 
95.8116 
95.8116 
95.8116 
95.8116 
95.8116 
95.8116 
95.8116 
95.8116 
97.9535 
97.9535 
97.9535 
97.9535 
97.9535 
97.9535 
97.9535 
97.9535 
97.9535 
97.9535 
97.9535 
99.3738 
99.3738 
99.3738 
99.3738 
99.3738 
99.3738 
99.3738 
99.3738 
99.3738 
99.3738 
99.3738 
99.3738 
101.833 
101.833 
101.833 
101.833 
101.833 
101.833 
101.833 
101.833 
101.833 
101.833 
101.833 
101.833 
107.548 
107.548 
107.548 
107.548 
107.548 
107.548 
107.548 
107.548 
107.548 
107.548 
107.548 
107.548 
107.548 
112.866 
112.866 
112.866 
112.866 
112.866 
112.866 
112.866 
112.866 
112.866 
112.866 
112.866 
112.866 
107.905 
107.905 
107.905 
107.905 
107.905 
107.905 
107.905 
107.905 
107.905 
107.905 
107.905 
107.905 
105.899 
105.899 
105.899 
105.899 
105.899 
105.899 
105.899 
105.899 
105.899 
105.899 
105.899 
105.899 
105.902 
105.902 
105.902 
105.902 
105.902 
105.902 
105.902 
