302362
302387
302413
302437
302464
302489
302507
302523
302539
302556
302572
302588
302605
302622
302638
302654
302670
302685
302701
302716
302731
302746
302761
302776
302792
302806
302822
302837
302851
302866
302881
302896
302910
302925
302939
302954
302969
302983
302998
303013
303028
303042
303057
303072
303086
303101
303116
303131
303146
303160
303175
303189
303204
303218
303233
303248
303263
303278
303292
303307
303321
303336
303351
303365
303380
303395
303409
303424
303439
303453
303468
303483
303498
303512
303514
303515
303521
303541
303561
303581
303601
303621
303641
303661
303682
303702
303722
303742
303762
303782
303802
303822
303842
303862
303882
303902
303922
303942
303962
303983
304003
304023
304043
304063
304083
304103
304123
304143
304163
304183
304203
304224
304243
304263
304283
304303
304323
304343
304363
304383
304403
304422
304442
304461
304480
304500
304519
304538
304557
304576
304595
304614
304633
304651
304670
304689
304707
304726
304744
304763
304782
304800
304819
304838
304857
304875
304894
304912
304931
304949
304968
304986
305005
305023
305042
305060
305078
305097
305115
305133
305151
305169
305187
305205
305223
305240
305258
305276
305294
305311
305329
305346
305363
305380
305398
305414
305431
305448
305465
305481
305497
305513
305529
305545
305561
305577
305593
305608
305624
305639
305654
305669
305684
305699
305714
305728
305743
305758
305772
305787
305802
305816
305830
305844
305857
305871
305885
305898
305911
305924
305937
305950
305963
305975
305988
306001
306014
306027
306040
306053
306066
306079
306092
306105
306118
306131
306144
306157
306170
306184
306197
306209
306222
306235
306248
306261
306274
306287
306300
306313
306326
306339
306352
306365
306378
306392
306405
306418
306432
306445
306458
306472
306485
306499
306512
306526
306539
306553
306566
306579
306592
306605
306618
306630
306642
306655
306667
306679
306692
306704
306716
306729
306741
306753
306765
306777
306789
306801
306812
306824
306836
306848
306859
306871
306883
306894
306906
306918
306929
306941
306953
306965
306976
306988
307000
307012
307023
307035
307047
307058
307070
307082
307094
307106
307118
307130
307142
307155
307166
307178
307191
307204
307216
307229
307242
307255
307269
307282
307296
307309
307323
307337
307351
307364
307378
307392
307406
307421
307435
307450
307466
307481
307498
307515
307531
307549
307566
307584
307601
307620
307638
307656
307674
307693
307712
307731
307751
307771
307792
307813
307833
307853
307873
307894
307914
307933
307953
307973
307992
308011
308030
308049
308069
308087
308106
308124
308143
308162
308180
308198
308216
308235
308253
308272
308291
308309
308328
308347
308367
308387
308407
308427
308447
308467
308487
308507
308527
308547
308568
308588
308608
308628
308649
308669
308690
308710
308730
308750
308770
308789
308809
308828
308848
308868
308888
308907
308926
308946
308965
308985
309004
309024
309043
309062
309081
309101
309120
309140
309159
309178
309197
309217
309236
309256
309275
309294
309313
309332
309351
309370
309389
309408
309427
309446
309465
309484
309503
309522
309541
309560
309580
309599
309618
309638
309657
309677
309697
309717
309737
309757
309777
309798
309818
309838
309858
309878
309898
309917
309936
309956
309975
309995
310014
310032
310051
310070
310089
310108
310127
310146
310164
310183
310201
310219
310238
310256
310274
310293
310311
310329
310347
310365
310383
310401
310419
310437
310454
310472
310490
310508
310526
310544
310561
310579
310597
310615
310633
310650
310668
310686
310703
310721
310738
310756
310773
310790
310807
310824
310841
310858
310875
310892
310908
310924
310941
310957
310972
310988
311003
311018
311034
311049
311064
311079
311095
311110
311125
311140
311155
311170
311185
311201
311216
311231
311246
311262
311277
311292
311307
311322
311336
311351
311366
311381
311396
311411
311426
311442
311457
311472
311486
311502
311517
311532
311547
311562
311577
311592
311607
311622
311637
311652
311667
311682
311697
311712
311727
311742
311757
311772
311787
311802
311817
311832
311847
311862
311877
311892
311906
311920
311935
311950
311964
311979
311993
312007
312020
312034
312047
312061
312075
312088
312102
312115
312129
312142
312155
312168
312182
312195
312209
312222
312235
312248
312261
312275
312287
312300
312313
312326
312338
312351
312363
312376
312388
312401
312414
312426
312439
312451
312464
312476
312489
312501
312514
312526
312539
312552
312564
312577
312589
312602
312614
312627
312638
312651
312663
312675
312687
312699
312711
312723
312735
312747
312759
312771
312783
312794
312805
312816
312828
312838
312849
312860
312870
312881
312892
312903
312914
312925
312936
312947
312958
312969
312980
312991
313002
313014
313025
313036
313048
313059
313070
313082
313094
313105
313117
313128
313139
313151
313163
313174
313186
313197
313210
313221
313233
313246
313258
313271
313283
313296
313308
313320
313333
313345
313358
313370
313383
313396
313409
313422
313435
313448
313462
313475
313489
313502
313516
313530
313543
313556
313570
313584
313598
313613
313627
313640
313654
313668
313683
313697
313711
313726
313740
313754
313769
313783
313798
313812
313827
313841
313856
313870
313884
313898
313911
313924
313937
313951
313964
313977
313989
314003
314015
314028
314040
314053
314066
314079
314091
314104
314116
314128
314140
314153
314165
314177
314189
314201
314213
314225
314237
314249
314261
314272
314284
314296
314308
314320
314332
314344
314355
314367
314380
314391
314403
314414
314426
314437
314449
314460
314472
314483
314495
314506
314518
314530
314541
314553
314564
314575
314587
314598
314609
314621
314632
314643
314654
314666
314677
314688
314700
314712
314723
314735
314747
314758
314770
314782
314794
314806
314818
314830
314842
314854
314866
314877
314888
314900
314911
314923
314935
314947
314959
314971
314984
314997
315011
315024
315037
315051
315065
315079
315094
315108
315123
315139
315154
315170
315186
315202
315218
315234
315250
315267
315284
315300
315317
315334
315352
315369
315386
315404
315422
315440
315458
315477
315495
315514
315534
315553
315573
315593
315613
315633
315653
315673
315694
315714
315734
315755
315776
315796
315817
315839
315860
315882
315904
315925
315947
315969
315991
316013
316035
316058
316079
316102
316123
316145
316166
316187
316209
316230
316252
316273
316295
316316
316337
316358
316379
316399
316420
316440
316461
316482
316502
316523
316544
316564
316585
316606
316627
316647
316668
316689
316710
316730
316750
316771
316791
316811
316831
316851
316871
316891
316911
316930
316950
316970
316989
317009
317028
317048
317067
317087
317106
317126
317145
317164
317183
317202
317221
317239
317258
317276
317294
317312
317330
317348
317366
317384
317401
317419
317437
317455
317472
317490
317507
317525
317542
317559
317577
317594
317611
317628
317645
317662
317679
317696
317713
317730
317747
317764
317782
317799
317817
317834
317852
317868
317885
317902
317919
317936
317953
317970
317987
318004
318021
318038
318055
318072
318090
318107
318124
318141
318159
318176
318193
318210
318228
318245
318263
318280
318298
318316
318333
318351
318368
318386
318404
318421
318439
318456
318474
318492
318509
318527
318544
318561
318579
318596
318613
318630
318647
318664
318681
318699
318716
318733
318750
318768
318785
318801
318818
318835
318852
318869
318885
318902
318919
318936
318953
318969
318986
319003
319019
319036
319053
319069
319086
319102
319119
319135
319152
319168
319185
319202
319217
319233
319249
319265
319281
319297
319313
319329
319345
319360
319376
319392
319407
319423
319438
319453
319469
319484
319499
319514
319529
319544
319559
319574
319588
319603
319618
319632
319647
319662
319676
319691
319705
319719
319733
319747
319761
319775
319789
319803
319817
319831
319844
319858
319872
319886
319899
319912
319926
319939
319952
319965
319978
319992
320005
320017
320031
320043
320056
320069
320082
320094
320107
320120
320132
320145
320158
320171
320183
320195
320207
320220
320231
320244
320256
320267
320280
320292
320304
320315
320328
320340
320351
320363
320375
320387
320398
320410
320422
320433
320445
320457
320468
320480
320491
320503
320514
320526
320538
320549
320561
320572
320584
320595
320607
320618
320630
320641
320653
320664
320675
320687
320698
320710
320721
320732
320743
320755
320766
320778
320790
320801
320813
320825
320837
320848
320860
320872
320884
320896
320908
320920
320932
320944
320956
320968
320981
320994
321007
321020
321033
321047
321061
321075
321089
321103
321117
321132
321146
321161
321175
321190
321205
321219
321235
321251
321267
321283
321299
321315
321331
321348
321365
321382
321399
321417
321435
321454
321473
321492
321512
321532
321552
321573
321593
321613
321633
321653
321673
321693
321712
321731
321751
321770
321789
321809
321827
321846
321865
321884
321903
321921
321939
321957
321976
321994
322012
322030
322049
322067
322086
322105
322123
322142
322161
322180
322200
322220
322240
322260
322281
322301
322322
322342
322363
322383
322404
322424
322444
322465
322485
322506
322526
322547
322568
322589
322610
322631
322652
322673
322695
322716
322738
322759
322781
322802
322824
322846
322868
322890
322912
322935
322957
322979
323002
323025
323047
323069
323091
323113
323135
323157
323180
323202
323224
323246
323268
323290
323312
323334
323356
323377
323399
323420
323442
323463
323485
323506
323527
323548
323570
323591
323612
323633
323654
323675
323696
323717
323738
323759
323780
323801
323822
323842
323863
323884
323905
323926
323947
323968
323989
324010
324031
324052
324073
324093
324114
324134
324155
324175
324196
324216
324237
324257
324278
324298
324319
324340
324360
324380
324401
324421
324440
324461
324481
324500
324520
324540
324560
324580
324600
324620
324639
324659
324679
324699
324718
324738
324758
324778
324798
324818
324838
324858
324879
324899
324919
324939
324958
324978
324998
325017
325036
325055
325074
325092
325111
325130
325149
325167
325186
325205
325223
325242
325260
325278
325297
325315
325333
325351
325370
325388
325406
325424
325442
325460
325478
325495
325513
325530
325547
325564
325581
325598
325615
325632
325649
325666
325684
325701
325718
325735
325752
325769
325786
325804
325821
325838
325855
325872
325888
325905
325922
325938
325955
325971
325987
326003
326019
326036
326052
326068
326084
326101
326117
326133
326149
326165
326181
326196
326212
326227
326243
326258
326273
326289
326304
326319
326334
326350
326364
326379
326394
326408
326423
326438
326452
326467
326481
326496
326510
326524
326538
326552
326566
326580
326593
326607
326620
326634
326647
326660
326674
326687
326701
326714
326727
326740
326753
326767
326780
326792
326804
326817
326830
326842
326854
326867
326879
326891
326903
326915
326927
326939
326951
326962
326973
326984
326994
327005
327016
327026
327036
327047
327057
327067
327077
327086
327096
327106
327116
327125
327135
327144
327154
327164
327173
327183
327192
327201
327210
327220
327229
327238
327248
327257
327267
327276
327285
327294
327304
327313
327322
327332
327340
327350
327359
327368
327377
327386
327395
327405
327414
327423
327432
327441
327450
327459
327468
327477
327486
327495
327504
327513
327522
327531
327540
327550
327558
327567
327576
327584
327592
327601
327609
327618
327626
327634
327643
327651
327659
327667
327675
327683
327691
327700
327707
327716
327724
327732
327740
327749
327757
327765
327774
327782
327790
327799
327808
327816
327825
327834
327842
327851
327859
327868
327877
327885
327894
327903
327911
327920
327929
327937
327946
327955
327963
327972
327981
327989
327998
328007
328016
328024
328033
328041
328050
328059
328068
328076
328085
328093
328102
328111
