0 
0 
13.6812 
13.6812 
13.6812 
16.9682 
16.9682 
16.9682 
16.9682 
28.8062 
28.8062 
28.8062 
28.8062 
28.8062 
33.6093 
33.6093 
33.6093 
33.6093 
33.6093 
34.0072 
34.0072 
34.0072 
34.0072 
34.0072 
34.4604 
34.4604 
34.4604 
34.4604 
34.4604 
34.4128 
34.4128 
34.4128 
34.4128 
34.4128 
34.4114 
34.4114 
34.4114 
34.4114 
34.4114 
34.314 
34.314 
34.314 
34.314 
34.314 
34.4432 
34.4432 
34.4432 
34.4432 
34.4432 
35.1553 
35.1553 
35.1553 
35.1553 
35.1553 
35.7377 
35.7377 
35.7377 
35.7377 
35.7377 
36.1595 
36.1595 
36.1595 
36.1595 
36.1595 
37.2312 
37.2312 
37.2312 
37.2312 
37.2312 
38.1762 
38.1762 
38.1762 
38.1762 
38.1762 
39.2669 
39.2669 
39.2669 
39.2669 
39.2669 
39.2669 
42.2625 
42.2625 
42.2625 
42.2625 
42.2625 
42.2625 
43.6002 
43.6002 
43.6002 
43.6002 
43.6002 
43.6002 
45.2384 
45.2384 
45.2384 
45.2384 
45.2384 
45.2384 
46.5249 
46.5249 
46.5249 
46.5249 
46.5249 
46.5249 
46.9926 
46.9926 
46.9926 
46.9926 
46.9926 
46.9926 
47.4829 
47.4829 
47.4829 
47.4829 
47.4829 
47.4829 
48.7265 
48.7265 
48.7265 
48.7265 
48.7265 
48.7265 
49.1861 
49.1861 
49.1861 
49.1861 
49.1861 
49.1861 
49.9864 
49.9864 
49.9864 
49.9864 
49.9864 
49.9864 
49.8755 
49.8755 
49.8755 
49.8755 
49.8755 
49.8755 
48.398 
48.398 
48.398 
48.398 
48.398 
48.398 
47.4962 
47.4962 
47.4962 
47.4962 
47.4962 
47.4962 
47.4977 
47.4977 
47.4977 
47.4977 
47.4977 
47.4977 
47.7598 
47.7598 
47.7598 
47.7598 
47.7598 
47.7598 
49.4298 
49.4298 
49.4298 
49.4298 
49.4298 
49.4298 
49.4298 
51.3175 
51.3175 
51.3175 
51.3175 
51.3175 
51.3175 
49.7675 
49.7675 
49.7675 
49.7675 
49.7675 
49.7675 
48.7255 
48.7255 
48.7255 
48.7255 
48.7255 
48.7255 
47.9791 
47.9791 
47.9791 
47.9791 
47.9791 
47.9791 
48.6971 
48.6971 
48.6971 
48.6971 
48.6971 
48.6971 
48.6971 
51.8569 
51.8569 
51.8569 
51.8569 
51.8569 
51.8569 
51.8569 
53.8578 
53.8578 
53.8578 
53.8578 
53.8578 
53.8578 
53.8578 
56.0715 
56.0715 
56.0715 
56.0715 
56.0715 
56.0715 
56.0715 
53.4679 
53.4679 
53.4679 
53.4679 
53.4679 
53.4679 
47.7119 
47.7119 
47.7119 
47.7119 
47.7119 
47.7119 
44.6088 
44.6088 
44.6088 
44.6088 
44.6088 
44.6088 
43.944 
43.944 
43.944 
43.944 
43.944 
43.944 
43.5134 
43.5134 
43.5134 
43.5134 
43.5134 
43.5134 
42.2949 
42.2949 
42.2949 
42.2949 
42.2949 
42.2949 
41.8145 
41.8145 
41.8145 
41.8145 
41.8145 
38.5982 
38.5982 
38.5982 
38.5982 
38.5982 
38.0298 
38.0298 
38.0298 
38.0298 
38.0298 
38.0687 
38.0687 
38.0687 
38.0687 
38.0687 
37.077 
37.077 
37.077 
37.077 
37.077 
37.1624 
37.1624 
37.1624 
37.1624 
37.1624 
37.7129 
37.7129 
37.7129 
37.7129 
37.7129 
38.4714 
38.4714 
38.4714 
38.4714 
38.4714 
38.408 
38.408 
38.408 
38.408 
38.408 
38.941 
38.941 
38.941 
38.941 
38.941 
39.5733 
39.5733 
39.5733 
39.5733 
39.5733 
39.9115 
39.9115 
39.9115 
39.9115 
39.9115 
39.0762 
39.0762 
39.0762 
39.0762 
39.0762 
38.7935 
38.7935 
38.7935 
38.7935 
38.7935 
38.5324 
38.5324 
38.5324 
38.5324 
38.5324 
39.5285 
39.5285 
39.5285 
39.5285 
39.5285 
39.5285 
42.1983 
42.1983 
42.1983 
42.1983 
42.1983 
42.1983 
43.5092 
43.5092 
43.5092 
43.5092 
43.5092 
43.5092 
44.7755 
44.7755 
44.7755 
44.7755 
44.7755 
44.7755 
46.3841 
46.3841 
46.3841 
46.3841 
46.3841 
46.3841 
45.9102 
45.9102 
45.9102 
45.9102 
45.9102 
45.9102 
45.4286 
45.4286 
45.4286 
45.4286 
45.4286 
45.4286 
45.3275 
45.3275 
45.3275 
45.3275 
45.3275 
45.3275 
45.7847 
45.7847 
45.7847 
45.7847 
45.7847 
45.7847 
45.0404 
45.0404 
45.0404 
45.0404 
45.0404 
45.0404 
45.8596 
45.8596 
45.8596 
45.8596 
45.8596 
45.8596 
46.2485 
46.2485 
46.2485 
46.2485 
46.2485 
46.2485 
46.3935 
46.3935 
46.3935 
46.3935 
46.3935 
46.3935 
46.0944 
46.0944 
46.0944 
46.0944 
46.0944 
46.0944 
45.9904 
45.9904 
45.9904 
45.9904 
45.9904 
45.9904 
45.829 
45.829 
45.829 
45.829 
45.829 
45.829 
46.8716 
46.8716 
46.8716 
46.8716 
46.8716 
46.8716 
47.7553 
47.7553 
47.7553 
47.7553 
47.7553 
47.7553 
49.3922 
49.3922 
49.3922 
49.3922 
49.3922 
49.3922 
49.3922 
52.3951 
52.3951 
52.3951 
52.3951 
52.3951 
52.3951 
52.3951 
54.1211 
54.1211 
54.1211 
54.1211 
54.1211 
54.1211 
54.1211 
54.9236 
54.9236 
54.9236 
54.9236 
54.9236 
54.9236 
54.9236 
55.464 
55.464 
55.464 
55.464 
55.464 
55.464 
55.464 
57.1047 
57.1047 
57.1047 
57.1047 
57.1047 
57.1047 
57.1047 
56.2155 
56.2155 
56.2155 
56.2155 
56.2155 
56.2155 
56.2155 
57.9993 
57.9993 
57.9993 
57.9993 
57.9993 
57.9993 
57.9993 
58.4117 
58.4117 
58.4117 
58.4117 
58.4117 
58.4117 
58.4117 
58.4892 
58.4892 
58.4892 
58.4892 
58.4892 
58.4892 
58.4892 
58.5143 
58.5143 
58.5143 
58.5143 
58.5143 
58.5143 
58.5143 
58.6451 
58.6451 
58.6451 
58.6451 
58.6451 
58.6451 
58.6451 
58.9135 
58.9135 
58.9135 
58.9135 
58.9135 
58.9135 
58.9135 
58.9135 
62.4587 
62.4587 
62.4587 
62.4587 
62.4587 
62.4587 
62.4587 
62.4587 
64.9429 
64.9429 
64.9429 
64.9429 
64.9429 
64.9429 
64.9429 
64.9429 
66.7234 
66.7234 
66.7234 
66.7234 
66.7234 
66.7234 
66.7234 
66.7234 
69.774 
69.774 
69.774 
69.774 
69.774 
69.774 
69.774 
69.774 
69.774 
73.9815 
73.9815 
73.9815 
73.9815 
73.9815 
73.9815 
73.9815 
73.9815 
68.956 
68.956 
68.956 
68.956 
68.956 
68.956 
68.956 
59.2339 
59.2339 
59.2339 
59.2339 
59.2339 
59.2339 
59.2339 
56.9464 
56.9464 
56.9464 
56.9464 
56.9464 
56.9464 
56.9464 
55.9776 
55.9776 
55.9776 
55.9776 
55.9776 
55.9776 
55.9776 
56.7091 
56.7091 
56.7091 
56.7091 
56.7091 
56.7091 
56.7091 
58.3393 
58.3393 
58.3393 
58.3393 
58.3393 
58.3393 
58.3393 
56.6488 
56.6488 
56.6488 
56.6488 
56.6488 
56.6488 
56.6488 
56.1665 
56.1665 
56.1665 
56.1665 
56.1665 
56.1665 
56.1665 
56.4817 
56.4817 
56.4817 
56.4817 
56.4817 
56.4817 
56.4817 
56.2428 
56.2428 
56.2428 
56.2428 
56.2428 
56.2428 
56.2428 
55.7374 
55.7374 
55.7374 
55.7374 
55.7374 
55.7374 
55.7374 
56.6296 
56.6296 
56.6296 
56.6296 
56.6296 
56.6296 
56.6296 
54.1997 
54.1997 
54.1997 
54.1997 
54.1997 
54.1997 
49.8101 
49.8101 
49.8101 
49.8101 
49.8101 
49.8101 
47.2717 
47.2717 
47.2717 
47.2717 
47.2717 
47.2717 
45.2081 
45.2081 
45.2081 
45.2081 
45.2081 
45.2081 
43.4457 
43.4457 
43.4457 
43.4457 
43.4457 
43.4457 
42.112 
42.112 
42.112 
42.112 
42.112 
39.4948 
39.4948 
39.4948 
39.4948 
39.4948 
39.1007 
39.1007 
39.1007 
39.1007 
39.1007 
39.2953 
39.2953 
39.2953 
39.2953 
39.2953 
39.8148 
39.8148 
39.8148 
39.8148 
39.8148 
39.5827 
39.5827 
39.5827 
39.5827 
39.5827 
39.5827 
41.6419 
41.6419 
41.6419 
41.6419 
41.6419 
39.8996 
39.8996 
39.8996 
39.8996 
39.8996 
39.2167 
39.2167 
39.2167 
39.2167 
39.2167 
38.4338 
38.4338 
38.4338 
38.4338 
38.4338 
38.3879 
38.3879 
38.3879 
38.3879 
38.3879 
37.9147 
37.9147 
37.9147 
37.9147 
37.9147 
37.6616 
37.6616 
37.6616 
37.6616 
37.6616 
38.0111 
38.0111 
38.0111 
38.0111 
38.0111 
37.8665 
37.8665 
37.8665 
37.8665 
37.8665 
37.6892 
37.6892 
37.6892 
37.6892 
37.6892 
38.6609 
38.6609 
38.6609 
38.6609 
38.6609 
39.4926 
39.4926 
39.4926 
39.4926 
39.4926 
39.4926 
41.7579 
41.7579 
41.7579 
41.7579 
41.7579 
41.7579 
42.371 
42.371 
42.371 
42.371 
42.371 
42.371 
42.9405 
42.9405 
42.9405 
42.9405 
42.9405 
42.9405 
43.2626 
43.2626 
43.2626 
43.2626 
43.2626 
43.2626 
44.7498 
44.7498 
44.7498 
44.7498 
44.7498 
44.7498 
45.2556 
45.2556 
45.2556 
45.2556 
45.2556 
45.2556 
45.3303 
45.3303 
45.3303 
45.3303 
45.3303 
45.3303 
44.3502 
44.3502 
44.3502 
44.3502 
44.3502 
44.3502 
44.6858 
44.6858 
44.6858 
44.6858 
44.6858 
44.6858 
44.991 
44.991 
44.991 
44.991 
44.991 
44.991 
45.8974 
45.8974 
45.8974 
45.8974 
45.8974 
45.8974 
46.1685 
46.1685 
46.1685 
46.1685 
46.1685 
46.1685 
47.0088 
47.0088 
47.0088 
47.0088 
47.0088 
47.0088 
47.0662 
47.0662 
47.0662 
47.0662 
47.0662 
47.0662 
46.7171 
46.7171 
46.7171 
46.7171 
46.7171 
46.7171 
47.9221 
47.9221 
47.9221 
47.9221 
47.9221 
47.9221 
48.2382 
48.2382 
48.2382 
48.2382 
48.2382 
48.2382 
49.7558 
49.7558 
49.7558 
49.7558 
49.7558 
49.7558 
49.7558 
51.9579 
51.9579 
51.9579 
51.9579 
51.9579 
51.9579 
51.9579 
53.8062 
53.8062 
53.8062 
53.8062 
53.8062 
53.8062 
53.8062 
55.0559 
55.0559 
55.0559 
55.0559 
55.0559 
55.0559 
55.0559 
56.7276 
56.7276 
56.7276 
56.7276 
56.7276 
56.7276 
56.7276 
58.1177 
58.1177 
58.1177 
58.1177 
58.1177 
58.1177 
58.1177 
59.4313 
59.4313 
59.4313 
59.4313 
59.4313 
59.4313 
59.4313 
58.5206 
58.5206 
58.5206 
58.5206 
58.5206 
58.5206 
58.5206 
57.3683 
57.3683 
57.3683 
57.3683 
57.3683 
57.3683 
57.3683 
57.82 
57.82 
57.82 
57.82 
57.82 
57.82 
57.82 
58.0932 
58.0932 
58.0932 
58.0932 
58.0932 
58.0932 
58.0932 
58.1175 
58.1175 
58.1175 
58.1175 
58.1175 
58.1175 
58.1175 
57.0248 
57.0248 
57.0248 
57.0248 
57.0248 
57.0248 
57.0248 
55.5406 
55.5406 
55.5406 
55.5406 
55.5406 
55.5406 
55.5406 
54.6566 
54.6566 
54.6566 
54.6566 
54.6566 
54.6566 
54.6566 
54.8544 
54.8544 
54.8544 
54.8544 
54.8544 
54.8544 
54.8544 
52.7314 
52.7314 
52.7314 
52.7314 
52.7314 
52.7314 
47.0631 
47.0631 
47.0631 
47.0631 
47.0631 
47.0631 
46.245 
46.245 
46.245 
46.245 
46.245 
46.245 
45.8459 
45.8459 
45.8459 
45.8459 
45.8459 
45.8459 
45.7829 
45.7829 
45.7829 
45.7829 
45.7829 
45.7829 
45.658 
45.658 
45.658 
45.658 
45.658 
45.658 
42.8233 
42.8233 
42.8233 
42.8233 
42.8233 
36.4154 
36.4154 
36.4154 
36.4154 
36.4154 
35.8623 
35.8623 
35.8623 
35.8623 
35.8623 
36.4477 
36.4477 
36.4477 
36.4477 
36.4477 
36.8452 
36.8452 
36.8452 
36.8452 
36.8452 
35.7169 
35.7169 
35.7169 
35.7169 
35.7169 
35.7313 
35.7313 
35.7313 
35.7313 
35.7313 
35.1009 
35.1009 
35.1009 
35.1009 
35.1009 
35.0102 
35.0102 
35.0102 
35.0102 
35.0102 
34.6194 
34.6194 
34.6194 
34.6194 
34.6194 
34.5431 
34.5431 
34.5431 
34.5431 
34.5431 
34.2211 
34.2211 
34.2211 
34.2211 
34.2211 
34.672 
34.672 
34.672 
34.672 
34.672 
34.9285 
34.9285 
34.9285 
34.9285 
34.9285 
35.0175 
35.0175 
35.0175 
35.0175 
35.0175 
35.94 
35.94 
35.94 
35.94 
35.94 
36.1141 
36.1141 
36.1141 
36.1141 
36.1141 
36.6512 
36.6512 
36.6512 
36.6512 
36.6512 
37.2333 
37.2333 
37.2333 
37.2333 
37.2333 
37.8731 
37.8731 
37.8731 
37.8731 
37.8731 
38.7437 
38.7437 
38.7437 
38.7437 
38.7437 
39.1532 
39.1532 
39.1532 
39.1532 
39.1532 
39.1411 
39.1411 
39.1411 
39.1411 
39.1411 
39.1411 
42.6906 
42.6906 
42.6906 
42.6906 
42.6906 
42.6906 
42.8563 
42.8563 
42.8563 
42.8563 
42.8563 
36.6486 
36.6486 
36.6486 
36.6486 
36.6486 
37.38 
37.38 
37.38 
37.38 
37.38 
37.7892 
37.7892 
37.7892 
37.7892 
37.7892 
38.3885 
38.3885 
38.3885 
38.3885 
38.3885 
39.6029 
39.6029 
39.6029 
39.6029 
39.6029 
39.6029 
42.0558 
42.0558 
42.0558 
42.0558 
42.0558 
42.0558 
42.6317 
42.6317 
42.6317 
42.6317 
42.6317 
42.6317 
43.2669 
43.2669 
43.2669 
43.2669 
43.2669 
43.2669 
44.2929 
44.2929 
44.2929 
44.2929 
44.2929 
44.2929 
44.4154 
44.4154 
44.4154 
44.4154 
44.4154 
44.4154 
44.4357 
44.4357 
44.4357 
44.4357 
44.4357 
44.4357 
44.8952 
44.8952 
44.8952 
44.8952 
44.8952 
44.8952 
44.7323 
44.7323 
44.7323 
44.7323 
44.7323 
44.7323 
45.7161 
45.7161 
45.7161 
45.7161 
45.7161 
45.7161 
46.3049 
46.3049 
46.3049 
46.3049 
46.3049 
46.3049 
46.4711 
46.4711 
46.4711 
46.4711 
46.4711 
46.4711 
47.5775 
47.5775 
47.5775 
47.5775 
47.5775 
47.5775 
48.4929 
48.4929 
48.4929 
48.4929 
48.4929 
48.4929 
49.5175 
49.5175 
49.5175 
49.5175 
49.5175 
49.5175 
49.5175 
52.1588 
52.1588 
52.1588 
52.1588 
52.1588 
52.1588 
52.1588 
53.3581 
53.3581 
53.3581 
53.3581 
53.3581 
53.3581 
53.3581 
55.4151 
55.4151 
55.4151 
55.4151 
55.4151 
55.4151 
55.4151 
58.8399 
58.8399 
58.8399 
58.8399 
58.8399 
58.8399 
58.8399 
58.8399 
62.7884 
62.7884 
62.7884 
62.7884 
62.7884 
62.7884 
62.7884 
62.7884 
64.242 
64.242 
64.242 
64.242 
64.242 
64.242 
64.242 
64.242 
65.9271 
65.9271 
65.9271 
65.9271 
65.9271 
65.9271 
65.9271 
65.9271 
66.3467 
66.3467 
66.3467 
66.3467 
66.3467 
66.3467 
66.3467 
66.3467 
68.7469 
68.7469 
68.7469 
68.7469 
68.7469 
68.7469 
68.7469 
68.7469 
68.5322 
68.5322 
68.5322 
68.5322 
68.5322 
68.5322 
68.5322 
68.5322 
68.9801 
68.9801 
68.9801 
68.9801 
68.9801 
68.9801 
68.9801 
68.9801 
69.4666 
69.4666 
69.4666 
69.4666 
69.4666 
69.4666 
69.4666 
69.4666 
68.9784 
68.9784 
68.9784 
68.9784 
68.9784 
68.9784 
68.9784 
68.9784 
69.0951 
69.0951 
69.0951 
69.0951 
69.0951 
69.0951 
69.0951 
69.0951 
69.0942 
69.0942 
69.0942 
69.0942 
69.0942 
69.0942 
69.0942 
69.0942 
68.1396 
68.1396 
68.1396 
68.1396 
68.1396 
68.1396 
68.1396 
68.1396 
67.4829 
67.4829 
67.4829 
67.4829 
67.4829 
67.4829 
67.4829 
67.4829 
67.6536 
67.6536 
67.6536 
67.6536 
67.6536 
67.6536 
67.6536 
67.6536 
67.1281 
67.1281 
67.1281 
67.1281 
67.1281 
67.1281 
67.1281 
67.1281 
67.1763 
67.1763 
67.1763 
67.1763 
67.1763 
67.1763 
67.1763 
67.1763 
67.5678 
67.5678 
67.5678 
67.5678 
67.5678 
67.5678 
67.5678 
67.5678 
67.7025 
67.7025 
67.7025 
67.7025 
67.7025 
67.7025 
67.7025 
67.7025 
67.7311 
67.7311 
67.7311 
67.7311 
67.7311 
67.7311 
67.7311 
67.7311 
67.1934 
67.1934 
67.1934 
67.1934 
67.1934 
67.1934 
67.1934 
67.1934 
67.058 
67.058 
67.058 
67.058 
67.058 
67.058 
67.058 
67.058 
67.2784 
67.2784 
67.2784 
67.2784 
67.2784 
67.2784 
67.2784 
67.2784 
67.3773 
67.3773 
67.3773 
67.3773 
67.3773 
67.3773 
67.3773 
67.3773 
67.2381 
67.2381 
67.2381 
67.2381 
67.2381 
67.2381 
67.2381 
67.2381 
67.6684 
67.6684 
67.6684 
67.6684 
67.6684 
67.6684 
67.6684 
67.6684 
67.7754 
67.7754 
67.7754 
67.7754 
67.7754 
67.7754 
67.7754 
67.7754 
68.0866 
68.0866 
68.0866 
68.0866 
68.0866 
68.0866 
68.0866 
68.0866 
67.4428 
67.4428 
67.4428 
67.4428 
67.4428 
67.4428 
67.4428 
67.4428 
67.4957 
67.4957 
67.4957 
67.4957 
67.4957 
67.4957 
67.4957 
67.4957 
67.5924 
67.5924 
67.5924 
67.5924 
67.5924 
67.5924 
67.5924 
67.5924 
67.5901 
67.5901 
67.5901 
67.5901 
67.5901 
67.5901 
67.5901 
67.5901 
67.4437 
67.4437 
67.4437 
67.4437 
67.4437 
67.4437 
67.4437 
67.4437 
67.4628 
67.4628 
67.4628 
67.4628 
67.4628 
67.4628 
67.4628 
67.4628 
66.734 
66.734 
66.734 
66.734 
66.734 
66.734 
66.734 
66.734 
67.6597 
67.6597 
67.6597 
67.6597 
67.6597 
67.6597 
67.6597 
67.6597 
67.5305 
67.5305 
67.5305 
67.5305 
67.5305 
67.5305 
67.5305 
67.5305 
68.2832 
68.2832 
68.2832 
68.2832 
68.2832 
68.2832 
68.2832 
68.2832 
67.5149 
67.5149 
67.5149 
67.5149 
67.5149 
67.5149 
67.5149 
67.5149 
67.8324 
67.8324 
67.8324 
67.8324 
67.8324 
67.8324 
67.8324 
67.8324 
67.402 
67.402 
67.402 
67.402 
67.402 
67.402 
67.402 
67.402 
67.6072 
67.6072 
67.6072 
67.6072 
67.6072 
67.6072 
67.6072 
67.6072 
68.0247 
68.0247 
68.0247 
68.0247 
68.0247 
68.0247 
68.0247 
68.0247 
67.6337 
67.6337 
67.6337 
67.6337 
67.6337 
67.6337 
67.6337 
67.6337 
67.4309 
67.4309 
67.4309 
67.4309 
67.4309 
67.4309 
67.4309 
67.4309 
67.7314 
67.7314 
67.7314 
67.7314 
67.7314 
67.7314 
67.7314 
67.7314 
67.3327 
67.3327 
67.3327 
67.3327 
67.3327 
67.3327 
67.3327 
67.3327 
67.3064 
67.3064 
67.3064 
67.3064 
67.3064 
67.3064 
67.3064 
67.3064 
68.0334 
68.0334 
68.0334 
