1.32953e+006
1.32962e+006
1.32969e+006
1.32972e+006
1.32974e+006
1.32977e+006
1.3298e+006
1.32982e+006
1.32985e+006
1.32987e+006
1.3299e+006
1.32992e+006
1.32994e+006
1.32997e+006
1.32999e+006
1.33002e+006
1.33004e+006
1.33006e+006
1.33009e+006
1.33011e+006
1.33013e+006
1.33016e+006
1.33018e+006
1.3302e+006
1.33022e+006
1.33025e+006
1.33027e+006
1.33029e+006
1.33032e+006
1.33034e+006
1.33036e+006
1.33039e+006
1.33041e+006
1.33043e+006
1.33046e+006
1.33048e+006
1.3305e+006
1.33053e+006
1.33055e+006
1.33057e+006
1.3306e+006
1.33062e+006
1.33064e+006
1.33067e+006
1.33069e+006
1.33071e+006
1.33073e+006
1.33076e+006
1.33078e+006
1.3308e+006
1.33083e+006
1.33085e+006
1.33087e+006
1.33089e+006
1.33092e+006
1.33094e+006
1.33096e+006
1.33098e+006
1.331e+006
1.33102e+006
1.33105e+006
1.33107e+006
1.33109e+006
1.33111e+006
1.33113e+006
1.33115e+006
1.33117e+006
1.33119e+006
1.33122e+006
1.33124e+006
1.33126e+006
1.33128e+006
1.3313e+006
1.33132e+006
1.33134e+006
1.33136e+006
1.33138e+006
1.3314e+006
1.33142e+006
1.33144e+006
1.33146e+006
1.33147e+006
1.33149e+006
1.33151e+006
1.33153e+006
1.33155e+006
1.33157e+006
1.33159e+006
1.33161e+006
1.33162e+006
1.33164e+006
1.33166e+006
1.33168e+006
1.3317e+006
1.33172e+006
1.33173e+006
1.33175e+006
1.33177e+006
1.33179e+006
1.3318e+006
1.33182e+006
1.33184e+006
1.33186e+006
1.33188e+006
1.33189e+006
1.33191e+006
1.33193e+006
1.33195e+006
1.33196e+006
1.33198e+006
1.332e+006
1.33201e+006
1.33203e+006
1.33205e+006
1.33207e+006
1.33208e+006
1.3321e+006
1.33212e+006
1.33213e+006
1.33215e+006
1.33217e+006
1.33218e+006
1.3322e+006
1.33222e+006
1.33223e+006
1.33225e+006
1.33227e+006
1.33228e+006
1.3323e+006
1.33232e+006
1.33233e+006
1.33235e+006
1.33237e+006
1.33239e+006
1.3324e+006
1.33242e+006
1.33244e+006
1.33245e+006
1.33247e+006
1.33249e+006
1.33251e+006
1.33252e+006
1.33254e+006
1.33256e+006
1.33258e+006
1.33259e+006
1.33261e+006
1.33263e+006
1.33265e+006
1.33266e+006
1.33268e+006
1.3327e+006
1.33272e+006
1.33273e+006
1.33275e+006
1.33277e+006
1.33279e+006
1.3328e+006
1.33282e+006
1.33284e+006
1.33286e+006
1.33287e+006
1.33289e+006
1.33291e+006
1.33292e+006
1.33294e+006
1.33295e+006
1.33297e+006
1.33299e+006
1.333e+006
1.33302e+006
1.33304e+006
1.33306e+006
1.33307e+006
1.33309e+006
1.33311e+006
1.33312e+006
1.33314e+006
1.33316e+006
1.33317e+006
1.33319e+006
1.33321e+006
1.33323e+006
1.33324e+006
1.33326e+006
1.33328e+006
1.33329e+006
1.33331e+006
1.33333e+006
1.33335e+006
1.33336e+006
1.33338e+006
1.3334e+006
1.33342e+006
1.33343e+006
1.33345e+006
1.33347e+006
1.33348e+006
1.3335e+006
1.33352e+006
1.33353e+006
1.33355e+006
1.33356e+006
1.33358e+006
1.3336e+006
1.33361e+006
1.33363e+006
1.33364e+006
1.33366e+006
1.33367e+006
1.33369e+006
1.33371e+006
1.33372e+006
1.33374e+006
1.33375e+006
1.33377e+006
1.33378e+006
1.3338e+006
1.33381e+006
1.33383e+006
1.33385e+006
1.33386e+006
1.33388e+006
1.3339e+006
1.33391e+006
1.33393e+006
1.33395e+006
1.33397e+006
1.33398e+006
1.334e+006
1.33402e+006
1.33404e+006
1.33406e+006
1.33408e+006
1.3341e+006
1.33411e+006
1.33413e+006
1.33415e+006
1.33417e+006
1.33419e+006
1.33421e+006
1.33423e+006
1.33425e+006
1.33427e+006
1.33429e+006
1.33431e+006
1.33432e+006
1.33434e+006
1.33436e+006
1.33438e+006
1.3344e+006
1.33442e+006
1.33444e+006
1.33446e+006
1.33448e+006
1.3345e+006
1.33452e+006
1.33454e+006
1.33456e+006
1.33458e+006
1.3346e+006
1.33462e+006
1.33464e+006
1.33467e+006
1.33469e+006
1.33471e+006
1.33473e+006
1.33475e+006
1.33477e+006
1.33479e+006
1.33481e+006
1.33483e+006
1.33486e+006
1.33488e+006
1.3349e+006
1.33492e+006
1.33494e+006
1.33496e+006
1.33498e+006
1.33501e+006
1.33503e+006
1.33505e+006
1.33507e+006
1.33509e+006
1.33511e+006
1.33513e+006
1.33516e+006
1.33518e+006
1.3352e+006
1.33522e+006
1.33524e+006
1.33526e+006
1.33528e+006
1.3353e+006
1.33532e+006
1.33534e+006
1.33536e+006
1.33539e+006
1.33541e+006
1.33543e+006
1.33545e+006
1.33547e+006
1.33549e+006
1.33551e+006
1.33553e+006
1.33555e+006
1.33557e+006
1.33559e+006
1.33561e+006
1.33563e+006
1.33565e+006
1.33567e+006
1.33569e+006
1.33571e+006
1.33573e+006
1.33575e+006
1.33577e+006
1.33579e+006
1.33581e+006
1.33583e+006
1.33585e+006
1.33587e+006
1.3359e+006
1.33592e+006
1.33594e+006
1.33596e+006
1.33598e+006
1.336e+006
1.33602e+006
1.33604e+006
1.33606e+006
1.33608e+006
1.3361e+006
1.33612e+006
1.33614e+006
1.33616e+006
1.33618e+006
1.3362e+006
1.33622e+006
1.33624e+006
1.33626e+006
1.33628e+006
1.3363e+006
1.33632e+006
1.33634e+006
1.33635e+006
1.33637e+006
1.33639e+006
1.33641e+006
1.33643e+006
1.33645e+006
1.33647e+006
1.33648e+006
1.3365e+006
1.33652e+006
1.33654e+006
1.33656e+006
1.33657e+006
1.33659e+006
1.33661e+006
1.33663e+006
1.33665e+006
1.33666e+006
1.33668e+006
1.3367e+006
1.33672e+006
1.33674e+006
1.33676e+006
1.33677e+006
1.33679e+006
1.33681e+006
1.33683e+006
1.33685e+006
1.33687e+006
1.33688e+006
1.3369e+006
1.33692e+006
1.33694e+006
1.33696e+006
1.33698e+006
1.33699e+006
1.33701e+006
1.33703e+006
1.33705e+006
1.33707e+006
1.33709e+006
1.3371e+006
1.33712e+006
1.33714e+006
1.33716e+006
1.33718e+006
1.3372e+006
1.33721e+006
1.33723e+006
1.33725e+006
1.33727e+006
1.33729e+006
1.33731e+006
1.33732e+006
1.33734e+006
1.33736e+006
1.33738e+006
1.33739e+006
1.33741e+006
1.33743e+006
1.33745e+006
1.33747e+006
1.33748e+006
1.3375e+006
1.33752e+006
1.33754e+006
1.33756e+006
1.33758e+006
1.33759e+006
1.33761e+006
1.33763e+006
1.33765e+006
1.33767e+006
1.33768e+006
1.3377e+006
1.33772e+006
1.33774e+006
1.33776e+006
1.33778e+006
1.33779e+006
1.33781e+006
1.33783e+006
1.33785e+006
1.33786e+006
1.33788e+006
1.3379e+006
1.33792e+006
1.33793e+006
1.33795e+006
1.33797e+006
1.33799e+006
1.338e+006
1.33802e+006
1.33804e+006
1.33805e+006
1.33807e+006
1.33809e+006
1.3381e+006
1.33812e+006
1.33814e+006
1.33815e+006
1.33817e+006
1.33819e+006
1.3382e+006
1.33822e+006
1.33823e+006
1.33825e+006
1.33827e+006
1.33828e+006
1.3383e+006
1.33831e+006
1.33833e+006
1.33834e+006
1.33836e+006
1.33838e+006
1.33839e+006
1.33841e+006
1.33842e+006
1.33844e+006
1.33845e+006
1.33847e+006
1.33848e+006
1.3385e+006
1.33851e+006
1.33853e+006
1.33855e+006
1.33856e+006
1.33858e+006
1.33859e+006
1.33861e+006
1.33862e+006
1.33864e+006
1.33865e+006
1.33867e+006
1.33868e+006
1.3387e+006
1.33871e+006
1.33873e+006
1.33874e+006
1.33876e+006
1.33877e+006
1.33879e+006
1.3388e+006
1.33882e+006
1.33883e+006
1.33885e+006
1.33886e+006
1.33888e+006
1.33889e+006
1.3389e+006
1.33892e+006
1.33893e+006
1.33895e+006
1.33896e+006
1.33898e+006
1.33899e+006
1.33901e+006
1.33902e+006
1.33904e+006
1.33905e+006
1.33907e+006
1.33908e+006
1.3391e+006
1.33911e+006
1.33912e+006
1.33914e+006
1.33915e+006
1.33917e+006
1.33918e+006
1.3392e+006
1.33921e+006
1.33923e+006
1.33924e+006
1.33926e+006
1.33927e+006
1.33929e+006
1.3393e+006
1.33932e+006
1.33933e+006
1.33934e+006
1.33936e+006
1.33937e+006
1.33939e+006
1.3394e+006
1.33942e+006
1.33943e+006
1.33944e+006
1.33946e+006
1.33947e+006
1.33948e+006
1.3395e+006
1.33951e+006
1.33952e+006
1.33954e+006
1.33955e+006
1.33956e+006
1.33958e+006
1.33959e+006
1.3396e+006
1.33962e+006
1.33963e+006
1.33964e+006
1.33966e+006
1.33967e+006
1.33968e+006
1.3397e+006
1.33971e+006
1.33972e+006
1.33973e+006
1.33975e+006
1.33976e+006
1.33977e+006
1.33978e+006
1.3398e+006
1.33981e+006
1.33982e+006
1.33983e+006
1.33984e+006
1.33986e+006
1.33987e+006
1.33988e+006
1.33989e+006
1.3399e+006
1.33992e+006
1.33993e+006
1.33994e+006
1.33995e+006
1.33997e+006
1.33998e+006
1.33999e+006
1.34001e+006
1.34002e+006
1.34004e+006
1.34005e+006
1.34006e+006
1.34008e+006
1.34009e+006
1.34011e+006
1.34012e+006
1.34014e+006
1.34015e+006
1.34017e+006
1.34018e+006
1.3402e+006
1.34022e+006
1.34023e+006
1.34025e+006
1.34026e+006
1.34028e+006
1.34029e+006
1.34031e+006
1.34032e+006
1.34034e+006
1.34035e+006
1.34037e+006
1.34038e+006
1.3404e+006
1.34041e+006
1.34043e+006
1.34044e+006
1.34046e+006
1.34047e+006
1.34049e+006
1.3405e+006
1.34052e+006
1.34053e+006
1.34055e+006
1.34056e+006
1.34058e+006
1.34059e+006
1.34061e+006
1.34062e+006
1.34064e+006
1.34065e+006
1.34067e+006
1.34068e+006
1.3407e+006
1.34071e+006
1.34073e+006
1.34074e+006
1.34076e+006
1.34077e+006
1.34079e+006
1.3408e+006
1.34082e+006
1.34084e+006
1.34085e+006
1.34087e+006
1.34088e+006
1.3409e+006
1.34091e+006
1.34093e+006
1.34094e+006
1.34096e+006
1.34097e+006
1.34099e+006
1.341e+006
1.34102e+006
1.34103e+006
1.34105e+006
1.34106e+006
1.34108e+006
1.34109e+006
1.34111e+006
1.34112e+006
1.34114e+006
1.34116e+006
1.34117e+006
1.34119e+006
1.3412e+006
1.34122e+006
1.34123e+006
1.34125e+006
1.34127e+006
1.34128e+006
1.3413e+006
1.34132e+006
1.34133e+006
1.34135e+006
1.34137e+006
1.34138e+006
1.3414e+006
1.34142e+006
1.34144e+006
1.34145e+006
1.34147e+006
1.34149e+006
1.34151e+006
1.34153e+006
1.34155e+006
1.34156e+006
1.34158e+006
1.3416e+006
1.34162e+006
1.34164e+006
1.34166e+006
1.34168e+006
1.3417e+006
1.34172e+006
1.34174e+006
1.34176e+006
1.34178e+006
1.3418e+006
1.34182e+006
1.34184e+006
1.34186e+006
1.34188e+006
1.3419e+006
1.34192e+006
1.34194e+006
1.34196e+006
1.34198e+006
1.342e+006
1.34202e+006
1.34204e+006
1.34206e+006
1.34208e+006
1.3421e+006
1.34212e+006
1.34214e+006
1.34216e+006
1.34218e+006
1.3422e+006
1.34222e+006
1.34224e+006
1.34226e+006
1.34228e+006
1.3423e+006
1.34232e+006
1.34234e+006
1.34236e+006
1.34238e+006
1.3424e+006
1.34242e+006
1.34244e+006
1.34246e+006
1.34248e+006
1.3425e+006
1.34252e+006
1.34254e+006
1.34256e+006
1.34259e+006
1.34261e+006
1.34263e+006
1.34265e+006
1.34267e+006
1.34269e+006
1.34271e+006
1.34273e+006
1.34275e+006
1.34277e+006
1.34279e+006
1.34281e+006
1.34283e+006
1.34286e+006
1.34288e+006
1.3429e+006
1.34292e+006
1.34294e+006
1.34296e+006
1.34298e+006
1.343e+006
1.34302e+006
1.34304e+006
1.34307e+006
1.34309e+006
1.34311e+006
1.34313e+006
1.34315e+006
1.34317e+006
1.34319e+006
1.34321e+006
1.34324e+006
1.34326e+006
1.34328e+006
1.3433e+006
1.34332e+006
1.34334e+006
1.34336e+006
1.34338e+006
1.3434e+006
1.34343e+006
1.34345e+006
1.34347e+006
1.34349e+006
1.34351e+006
1.34353e+006
1.34355e+006
1.34357e+006
1.34359e+006
1.34361e+006
1.34363e+006
1.34365e+006
1.34367e+006
1.34369e+006
1.34371e+006
1.34373e+006
1.34375e+006
1.34377e+006
1.34379e+006
1.34381e+006
1.34383e+006
1.34385e+006
1.34387e+006
1.34389e+006
1.3439e+006
1.34392e+006
1.34394e+006
1.34396e+006
1.34398e+006
1.344e+006
1.34402e+006
1.34404e+006
1.34406e+006
1.34408e+006
1.3441e+006
1.34412e+006
1.34413e+006
1.34415e+006
1.34417e+006
1.34419e+006
1.34421e+006
1.34423e+006
1.34424e+006
1.34426e+006
1.34428e+006
1.3443e+006
1.34432e+006
1.34434e+006
1.34436e+006
1.34437e+006
1.34439e+006
1.34441e+006
1.34443e+006
1.34445e+006
1.34447e+006
1.34449e+006
1.3445e+006
1.34452e+006
1.34454e+006
1.34456e+006
1.34458e+006
1.3446e+006
1.34462e+006
1.34463e+006
1.34465e+006
1.34467e+006
1.34469e+006
1.34471e+006
1.34473e+006
1.34475e+006
1.34476e+006
1.34478e+006
1.3448e+006
1.34482e+006
1.34484e+006
1.34486e+006
1.34487e+006
1.34489e+006
1.34491e+006
1.34493e+006
1.34494e+006
1.34496e+006
1.34498e+006
1.345e+006
1.34502e+006
1.34503e+006
1.34505e+006
1.34507e+006
1.34509e+006
1.3451e+006
1.34512e+006
1.34514e+006
1.34516e+006
1.34518e+006
1.34519e+006
1.34521e+006
1.34523e+006
1.34525e+006
1.34526e+006
1.34528e+006
1.3453e+006
1.34532e+006
1.34533e+006
1.34535e+006
1.34537e+006
1.34539e+006
1.3454e+006
1.34542e+006
1.34544e+006
1.34546e+006
1.34547e+006
1.34549e+006
1.34551e+006
1.34552e+006
1.34554e+006
1.34556e+006
1.34557e+006
1.34559e+006
1.34561e+006
1.34562e+006
1.34564e+006
1.34566e+006
1.34567e+006
1.34569e+006
1.34571e+006
1.34572e+006
1.34574e+006
1.34575e+006
1.34577e+006
1.34578e+006
1.3458e+006
1.34582e+006
1.34583e+006
1.34585e+006
1.34586e+006
1.34588e+006
1.34589e+006
1.34591e+006
1.34592e+006
1.34594e+006
1.34596e+006
1.34597e+006
1.34599e+006
1.346e+006
1.34602e+006
1.34603e+006
1.34605e+006
1.34606e+006
1.34608e+006
1.34609e+006
1.3461e+006
1.34612e+006
1.34613e+006
1.34615e+006
1.34616e+006
1.34618e+006
1.34619e+006
1.34621e+006
1.34622e+006
1.34623e+006
1.34625e+006
1.34626e+006
1.34628e+006
1.34629e+006
1.34631e+006
1.34632e+006
1.34634e+006
1.34635e+006
1.34637e+006
1.34638e+006
1.3464e+006
1.34641e+006
1.34643e+006
1.34644e+006
1.34646e+006
1.34647e+006
1.34649e+006
1.3465e+006
1.34652e+006
1.34653e+006
1.34655e+006
1.34656e+006
1.34658e+006
1.34659e+006
1.3466e+006
1.34662e+006
1.34663e+006
1.34665e+006
1.34666e+006
1.34668e+006
1.34669e+006
1.34671e+006
1.34672e+006
1.34674e+006
1.34675e+006
1.34677e+006
1.34678e+006
1.3468e+006
1.34681e+006
1.34683e+006
1.34684e+006
1.34686e+006
1.34687e+006
1.34689e+006
1.3469e+006
1.34692e+006
1.34693e+006
1.34695e+006
1.34697e+006
1.34698e+006
1.347e+006
1.34701e+006
1.34703e+006
1.34704e+006
1.34706e+006
1.34708e+006
1.34709e+006
1.34711e+006
1.34712e+006
1.34714e+006
1.34715e+006
1.34717e+006
1.34719e+006
1.3472e+006
1.34722e+006
1.34723e+006
1.34725e+006
1.34727e+006
1.34728e+006
1.3473e+006
1.34732e+006
1.34734e+006
1.34735e+006
1.34737e+006
1.34739e+006
1.34741e+006
1.34743e+006
1.34744e+006
1.34746e+006
1.34748e+006
1.3475e+006
1.34752e+006
1.34753e+006
1.34755e+006
1.34757e+006
1.34759e+006
1.34761e+006
1.34763e+006
1.34764e+006
1.34766e+006
1.34768e+006
1.3477e+006
1.34772e+006
1.34773e+006
1.34775e+006
1.34777e+006
1.34779e+006
1.34781e+006
1.34783e+006
1.34784e+006
1.34786e+006
1.34788e+006
1.3479e+006
1.34792e+006
1.34794e+006
1.34796e+006
1.34799e+006
1.34801e+006
1.34803e+006
1.34805e+006
1.34808e+006
1.3481e+006
1.34812e+006
1.34814e+006
1.34816e+006
1.34819e+006
1.34821e+006
1.34823e+006
1.34825e+006
1.34827e+006
1.3483e+006
1.34832e+006
1.34834e+006
1.34836e+006
1.34838e+006
1.3484e+006
1.34843e+006
1.34845e+006
1.34847e+006
1.34849e+006
1.34852e+006
1.34854e+006
1.34856e+006
1.34858e+006
1.34861e+006
1.34863e+006
1.34865e+006
1.34868e+006
1.3487e+006
1.34872e+006
1.34874e+006
1.34877e+006
1.34879e+006
1.34881e+006
1.34883e+006
1.34886e+006
1.34888e+006
1.3489e+006
1.34893e+006
1.34895e+006
1.34897e+006
1.349e+006
1.34902e+006
1.34904e+006
1.34907e+006
1.34909e+006
1.34911e+006
1.34914e+006
1.34916e+006
1.34918e+006
1.34921e+006
1.34923e+006
1.34925e+006
1.34928e+006
1.3493e+006
1.34932e+006
1.34935e+006
1.34937e+006
1.34939e+006
1.34941e+006
1.34944e+006
1.34946e+006
1.34948e+006
1.3495e+006
1.34953e+006
1.34955e+006
1.34957e+006
1.34959e+006
1.34962e+006
1.34964e+006
1.34966e+006
1.34968e+006
1.34971e+006
1.34973e+006
1.34975e+006
1.34977e+006
1.34979e+006
1.34982e+006
1.34984e+006
1.34986e+006
1.34988e+006
1.3499e+006
1.34992e+006
1.34995e+006
1.34997e+006
1.34999e+006
1.35001e+006
1.35003e+006
1.35005e+006
1.35007e+006
1.35009e+006
1.35011e+006
1.35013e+006
1.35015e+006
1.35018e+006
1.3502e+006
1.35022e+006
1.35024e+006
1.35026e+006
1.35028e+006
1.3503e+006
1.35032e+006
1.35034e+006
1.35036e+006
1.35038e+006
1.3504e+006
1.35042e+006
1.35044e+006
1.35046e+006
1.35048e+006
1.3505e+006
1.35052e+006
1.35053e+006
1.35055e+006
1.35057e+006
1.35059e+006
1.35061e+006
1.35064e+006
1.35066e+006
1.35068e+006
1.3507e+006
1.35072e+006
1.35074e+006
1.35077e+006
1.35079e+006
1.35081e+006
1.35083e+006
1.35085e+006
1.35087e+006
1.35089e+006
1.35091e+006
1.35094e+006
1.35096e+006
1.35098e+006
1.351e+006
1.35102e+006
1.35104e+006
1.35106e+006
1.35108e+006
1.3511e+006
1.35112e+006
1.35114e+006
1.35116e+006
1.35118e+006
1.3512e+006
1.35122e+006
1.35124e+006
1.35126e+006
1.35128e+006
1.3513e+006
1.35132e+006
1.35134e+006
1.35136e+006
1.35138e+006
1.3514e+006
1.35142e+006
1.35143e+006
1.35145e+006
1.35147e+006
1.35149e+006
1.35151e+006
1.35153e+006
1.35155e+006
1.35157e+006
1.35159e+006
1.35161e+006
1.35162e+006
1.35164e+006
1.35166e+006
1.35168e+006
1.3517e+006
1.35172e+006
1.35174e+006
1.35176e+006
1.35177e+006
1.35179e+006
1.35181e+006
1.35183e+006
1.35185e+006
1.35187e+006
1.35189e+006
1.3519e+006
1.35192e+006
1.35194e+006
1.35196e+006
1.35198e+006
1.352e+006
1.35202e+006
1.35204e+006
1.35205e+006
1.35207e+006
1.35209e+006
1.35211e+006
1.35213e+006
1.35215e+006
1.35216e+006
1.35218e+006
1.3522e+006
1.35222e+006
1.35224e+006
1.35225e+006
1.35227e+006
1.35229e+006
1.35231e+006
1.35233e+006
1.35234e+006
1.35236e+006
1.35238e+006
1.3524e+006
1.35241e+006
1.35243e+006
1.35245e+006
1.35247e+006
1.35248e+006
1.3525e+006
1.35252e+006
1.35254e+006
1.35255e+006
1.35257e+006
1.35259e+006
1.3526e+006
1.35262e+006
1.35264e+006
1.35266e+006
1.35267e+006
1.35269e+006
1.35271e+006
1.35272e+006
1.35274e+006
1.35275e+006
1.35277e+006
1.35279e+006
1.3528e+006
1.35282e+006
1.35284e+006
1.35285e+006
1.35287e+006
1.35288e+006
1.3529e+006
1.35292e+006
1.35293e+006
1.35295e+006
1.35296e+006
1.35298e+006
1.35299e+006
1.35301e+006
1.35302e+006
1.35304e+006
1.35305e+006
1.35307e+006
1.35308e+006
1.3531e+006
1.35311e+006
1.35313e+006
1.35314e+006
1.35315e+006
1.35317e+006
1.35318e+006
1.3532e+006
1.35321e+006
1.35322e+006
1.35324e+006
1.35325e+006
1.35327e+006
1.35328e+006
1.35329e+006
1.35331e+006
1.35332e+006
1.35333e+006
1.35335e+006
1.35336e+006
1.35337e+006
1.35339e+006
1.3534e+006
1.35341e+006
1.35343e+006
1.35344e+006
1.35345e+006
1.35347e+006
1.35348e+006
1.35349e+006
1.35351e+006
1.35352e+006
1.35353e+006
1.35355e+006
1.35356e+006
1.35357e+006
1.35358e+006
1.3536e+006
1.35361e+006
1.35362e+006
1.35364e+006
1.35365e+006
1.35366e+006
1.35367e+006
1.35369e+006
1.3537e+006
1.35371e+006
1.35372e+006
1.35374e+006
1.35375e+006
1.35376e+006
1.35378e+006
1.35379e+006
1.3538e+006
1.35381e+006
1.35383e+006
1.35384e+006
1.35385e+006
1.35386e+006
1.35388e+006
1.35389e+006
1.3539e+006
1.35391e+006
1.35393e+006
1.35394e+006
1.35395e+006
1.35397e+006
1.35398e+006
1.35399e+006
1.354e+006
1.35402e+006
1.35403e+006
1.35404e+006
1.35405e+006
1.35407e+006
1.35408e+006
1.35409e+006
1.3541e+006
1.35412e+006
1.35413e+006
1.35414e+006
1.35416e+006
1.35417e+006
1.35418e+006
1.35419e+006
1.35421e+006
1.35422e+006
1.35423e+006
1.35424e+006
1.35426e+006
1.35427e+006
1.35428e+006
1.35429e+006
1.35431e+006
1.35432e+006
1.35433e+006
1.35435e+006
1.35436e+006
1.35437e+006
1.35439e+006
1.3544e+006
1.35441e+006
1.35442e+006
1.35444e+006
1.35445e+006
1.35446e+006
1.35448e+006
1.35449e+006
1.3545e+006
1.35451e+006
1.35453e+006
1.35454e+006
1.35455e+006
1.35457e+006
1.35458e+006
1.35459e+006
1.35461e+006
1.35462e+006
1.35463e+006
1.35464e+006
1.35466e+006
1.35467e+006
1.35468e+006
1.3547e+006
1.35471e+006
1.35472e+006
1.35474e+006
1.35475e+006
1.35476e+006
1.35478e+006
1.35479e+006
1.3548e+006
1.35481e+006
1.35483e+006
1.35484e+006
1.35485e+006
1.35487e+006
1.35488e+006
1.35489e+006
1.3549e+006
1.35492e+006
1.35493e+006
1.35494e+006
1.35496e+006
1.35497e+006
1.35498e+006
1.355e+006
1.35501e+006
1.35502e+006
1.35503e+006
1.35505e+006
1.35506e+006
1.35507e+006
1.35509e+006
1.3551e+006
1.35511e+006
1.35512e+006
1.35514e+006
1.35515e+006
1.35516e+006
1.35518e+006
1.35519e+006
1.3552e+006
1.35522e+006
1.35523e+006
1.35524e+006
1.35525e+006
1.35527e+006
1.35528e+006
1.35529e+006
1.35531e+006
1.35532e+006
1.35533e+006
1.35535e+006
1.35536e+006
1.35537e+006
1.35539e+006
1.3554e+006
1.35541e+006
1.35542e+006
1.35544e+006
1.35545e+006
1.35546e+006
1.35548e+006
1.35549e+006
1.3555e+006
1.35552e+006
1.35553e+006
1.35554e+006
1.35555e+006
1.35557e+006
1.35558e+006
1.35559e+006
1.35561e+006
1.35562e+006
1.35563e+006
1.35565e+006
1.35566e+006
1.35567e+006
1.35568e+006
1.3557e+006
1.35571e+006
1.35572e+006
1.35574e+006
1.35575e+006
1.35576e+006
1.35577e+006
1.35579e+006
1.3558e+006
1.35581e+006
1.35583e+006
1.35584e+006
1.35585e+006
1.35586e+006
1.35588e+006
1.35589e+006
1.3559e+006
1.35592e+006
1.35593e+006
1.35594e+006
1.35596e+006
1.35597e+006
1.35598e+006
1.35599e+006
1.35601e+006
1.35602e+006
1.35603e+006
1.35605e+006
1.35606e+006
1.35607e+006
1.35608e+006
1.3561e+006
1.35611e+006
1.35612e+006
1.35614e+006
1.35615e+006
1.35616e+006
1.35618e+006
1.35619e+006
1.3562e+006
1.35621e+006
1.35623e+006
1.35624e+006
1.35625e+006
1.35627e+006
1.35628e+006
1.35629e+006
1.35631e+006
1.35632e+006
1.35633e+006
1.35634e+006
1.35636e+006
1.35637e+006
1.35638e+006
1.3564e+006
1.35641e+006
1.35642e+006
1.35643e+006
1.35645e+006
1.35646e+006
1.35647e+006
1.35649e+006
1.3565e+006
1.35651e+006
1.35653e+006
1.35654e+006
1.35655e+006
1.35656e+006
1.35658e+006
1.35659e+006
1.3566e+006
1.35662e+006
1.35663e+006
1.35664e+006
1.35666e+006
1.35667e+006
1.35668e+006
1.35669e+006
1.35671e+006
1.35672e+006
1.35673e+006
1.35675e+006
1.35676e+006
1.35677e+006
1.35679e+006
1.3568e+006
1.35681e+006
1.35682e+006
1.35684e+006
1.35685e+006
1.35686e+006
1.35688e+006
1.35689e+006
1.3569e+006
1.35691e+006
1.35693e+006
1.35694e+006
1.35695e+006
1.35697e+006
1.35698e+006
1.35699e+006
1.35701e+006
1.35702e+006
1.35703e+006
1.35704e+006
1.35706e+006
1.35707e+006
1.35708e+006
1.3571e+006
1.35711e+006
1.35712e+006
1.35713e+006
1.35715e+006
1.35716e+006
1.35717e+006
1.35719e+006
1.3572e+006
1.35721e+006
1.35722e+006
1.35724e+006
1.35725e+006
1.35726e+006
1.35728e+006
1.35729e+006
1.3573e+006
1.35732e+006
1.35733e+006
1.35734e+006
1.35735e+006
1.35737e+006
1.35738e+006
1.35739e+006
1.35741e+006
1.35742e+006
1.35743e+006
1.35745e+006
1.35746e+006
1.35747e+006
1.35748e+006
1.3575e+006
1.35751e+006
1.35752e+006
1.35754e+006
1.35755e+006
1.35756e+006
1.35757e+006
1.35759e+006
1.3576e+006
1.35761e+006
1.35763e+006
1.35764e+006
1.35765e+006
1.35766e+006
1.35768e+006
1.35769e+006
1.3577e+006
1.35772e+006
1.35773e+006
1.35774e+006
1.35776e+006
1.35777e+006
1.35778e+006
1.35779e+006
1.35781e+006
1.35782e+006
1.35783e+006
1.35785e+006
1.35786e+006
1.35787e+006
1.35789e+006
1.3579e+006
1.35791e+006
1.35792e+006
1.35794e+006
1.35795e+006
1.35796e+006
1.35798e+006
1.35799e+006
1.358e+006
1.35802e+006
1.35803e+006
1.35804e+006
1.35805e+006
1.35807e+006
1.35808e+006
1.35809e+006
1.35811e+006
1.35812e+006
1.35813e+006
1.35814e+006
