0 
0 
0 
0 
35.201 
35.201 
35.201 
35.201 
29.9657 
29.9657 
29.9657 
29.9657 
29.9657 
29.9657 
46.5301 
46.5301 
46.5301 
46.5301 
46.5301 
46.5301 
46.5301 
53.1406 
53.1406 
53.1406 
53.1406 
53.1406 
53.1406 
53.1406 
57.0591 
57.0591 
57.0591 
57.0591 
57.0591 
57.0591 
57.0591 
57.4618 
57.4618 
57.4618 
57.4618 
57.4618 
57.4618 
57.4618 
58.6633 
58.6633 
58.6633 
58.6633 
58.6633 
58.6633 
58.6633 
58.9764 
58.9764 
58.9764 
58.9764 
58.9764 
58.9764 
58.9764 
59.5985 
59.5985 
59.5985 
59.5985 
59.5985 
59.5985 
59.5985 
59.5985 
61.3705 
61.3705 
61.3705 
61.3705 
61.3705 
61.3705 
61.3705 
61.3705 
61.4122 
61.4122 
61.4122 
61.4122 
61.4122 
61.4122 
61.4122 
61.4122 
62.5229 
62.5229 
62.5229 
62.5229 
62.5229 
62.5229 
62.5229 
62.5229 
63.0753 
63.0753 
63.0753 
63.0753 
63.0753 
63.0753 
63.0753 
63.0753 
64.3359 
64.3359 
64.3359 
64.3359 
64.3359 
64.3359 
64.3359 
64.3359 
66.1146 
66.1146 
66.1146 
66.1146 
66.1146 
66.1146 
66.1146 
66.1146 
69.5788 
69.5788 
69.5788 
69.5788 
69.5788 
69.5788 
69.5788 
69.5788 
69.5788 
73.6799 
73.6799 
73.6799 
73.6799 
73.6799 
73.6799 
73.6799 
73.6799 
73.6799 
74.418 
74.418 
74.418 
74.418 
74.418 
74.418 
74.418 
74.418 
74.418 
74.9637 
74.9637 
74.9637 
74.9637 
74.9637 
74.9637 
74.9637 
74.9637 
74.9637 
74.038 
74.038 
74.038 
74.038 
74.038 
74.038 
74.038 
74.038 
74.038 
74.1739 
74.1739 
74.1739 
74.1739 
74.1739 
74.1739 
74.1739 
74.1739 
74.1739 
74.3493 
74.3493 
74.3493 
74.3493 
74.3493 
74.3493 
74.3493 
74.3493 
74.3493 
74.8716 
74.8716 
74.8716 
74.8716 
74.8716 
74.8716 
74.8716 
74.8716 
74.8716 
73.6411 
73.6411 
73.6411 
73.6411 
73.6411 
73.6411 
73.6411 
73.6411 
73.6411 
74.412 
74.412 
74.412 
74.412 
74.412 
74.412 
74.412 
74.412 
74.412 
73.2386 
73.2386 
73.2386 
73.2386 
73.2386 
73.2386 
73.2386 
73.2386 
73.2386 
74.6496 
74.6496 
74.6496 
74.6496 
74.6496 
74.6496 
74.6496 
74.6496 
74.6496 
75.8192 
75.8192 
75.8192 
75.8192 
75.8192 
75.8192 
75.8192 
75.8192 
75.8192 
73.0402 
73.0402 
73.0402 
73.0402 
73.0402 
73.0402 
73.0402 
73.0402 
66.6392 
66.6392 
66.6392 
66.6392 
66.6392 
66.6392 
66.6392 
66.6392 
67.284 
67.284 
67.284 
67.284 
67.284 
67.284 
67.284 
67.284 
67.543 
67.543 
67.543 
67.543 
67.543 
67.543 
67.543 
67.543 
69.4463 
69.4463 
69.4463 
69.4463 
69.4463 
69.4463 
69.4463 
69.4463 
69.4463 
73.6133 
73.6133 
73.6133 
73.6133 
73.6133 
73.6133 
73.6133 
73.6133 
73.6133 
73.7531 
73.7531 
73.7531 
73.7531 
73.7531 
73.7531 
73.7531 
73.7531 
73.7531 
72.5245 
72.5245 
72.5245 
72.5245 
72.5245 
72.5245 
72.5245 
72.5245 
72.5245 
72.4768 
72.4768 
72.4768 
72.4768 
72.4768 
72.4768 
72.4768 
72.4768 
72.4768 
74.2738 
74.2738 
74.2738 
74.2738 
74.2738 
74.2738 
74.2738 
74.2738 
74.2738 
75.3632 
75.3632 
75.3632 
75.3632 
75.3632 
75.3632 
75.3632 
75.3632 
75.3632 
73.3086 
73.3086 
73.3086 
73.3086 
73.3086 
73.3086 
73.3086 
73.3086 
69.2333 
69.2333 
69.2333 
69.2333 
69.2333 
69.2333 
69.2333 
69.2333 
68.7755 
68.7755 
68.7755 
68.7755 
68.7755 
68.7755 
68.7755 
68.7755 
68.2336 
68.2336 
68.2336 
68.2336 
68.2336 
68.2336 
68.2336 
68.2336 
66.3771 
66.3771 
66.3771 
66.3771 
66.3771 
66.3771 
66.3771 
66.3771 
64.8945 
64.8945 
64.8945 
64.8945 
64.8945 
64.8945 
64.8945 
64.8945 
65.1056 
65.1056 
65.1056 
65.1056 
65.1056 
65.1056 
65.1056 
65.1056 
65.9067 
65.9067 
65.9067 
65.9067 
65.9067 
65.9067 
65.9067 
65.9067 
66.4447 
66.4447 
66.4447 
66.4447 
66.4447 
66.4447 
66.4447 
66.4447 
66.9573 
66.9573 
66.9573 
66.9573 
66.9573 
66.9573 
66.9573 
66.9573 
66.9461 
66.9461 
66.9461 
66.9461 
66.9461 
66.9461 
66.9461 
66.9461 
67.2851 
67.2851 
67.2851 
67.2851 
67.2851 
67.2851 
67.2851 
67.2851 
66.7724 
66.7724 
66.7724 
66.7724 
66.7724 
66.7724 
66.7724 
66.7724 
64.1189 
64.1189 
64.1189 
64.1189 
64.1189 
64.1189 
64.1189 
64.1189 
63.5412 
63.5412 
63.5412 
63.5412 
63.5412 
63.5412 
63.5412 
63.5412 
64.4088 
64.4088 
64.4088 
64.4088 
64.4088 
64.4088 
64.4088 
64.4088 
65.5003 
65.5003 
65.5003 
65.5003 
65.5003 
65.5003 
65.5003 
65.5003 
66.7253 
66.7253 
66.7253 
66.7253 
66.7253 
66.7253 
66.7253 
66.7253 
67.2942 
67.2942 
67.2942 
67.2942 
67.2942 
67.2942 
67.2942 
67.2942 
67.5118 
67.5118 
67.5118 
67.5118 
67.5118 
67.5118 
67.5118 
67.5118 
67.5759 
67.5759 
67.5759 
67.5759 
67.5759 
67.5759 
67.5759 
67.5759 
66.7041 
66.7041 
66.7041 
66.7041 
66.7041 
66.7041 
66.7041 
66.7041 
66.291 
66.291 
66.291 
66.291 
66.291 
66.291 
66.291 
66.291 
66.2776 
66.2776 
66.2776 
66.2776 
66.2776 
66.2776 
66.2776 
66.2776 
67.7151 
67.7151 
67.7151 
67.7151 
67.7151 
67.7151 
67.7151 
67.7151 
69.3034 
69.3034 
69.3034 
69.3034 
69.3034 
69.3034 
69.3034 
69.3034 
69.3034 
72.1114 
72.1114 
72.1114 
72.1114 
72.1114 
72.1114 
72.1114 
72.1114 
72.1114 
72.6315 
72.6315 
72.6315 
72.6315 
72.6315 
72.6315 
72.6315 
72.6315 
72.6315 
72.8076 
72.8076 
72.8076 
72.8076 
72.8076 
72.8076 
72.8076 
72.8076 
72.8076 
72.6279 
72.6279 
72.6279 
72.6279 
72.6279 
72.6279 
72.6279 
72.6279 
72.6279 
71.3003 
71.3003 
71.3003 
71.3003 
71.3003 
71.3003 
71.3003 
71.3003 
71.3003 
72.1726 
72.1726 
72.1726 
72.1726 
72.1726 
72.1726 
72.1726 
72.1726 
72.1726 
71.7213 
71.7213 
71.7213 
71.7213 
71.7213 
71.7213 
71.7213 
71.7213 
71.7213 
73.238 
73.238 
73.238 
73.238 
73.238 
73.238 
73.238 
73.238 
73.238 
74.4938 
74.4938 
74.4938 
74.4938 
74.4938 
74.4938 
74.4938 
74.4938 
74.4938 
76.3468 
76.3468 
76.3468 
76.3468 
76.3468 
76.3468 
76.3468 
76.3468 
76.3468 
78.7657 
78.7657 
78.7657 
78.7657 
78.7657 
78.7657 
78.7657 
78.7657 
78.7657 
78.7657 
81.3042 
81.3042 
81.3042 
81.3042 
81.3042 
81.3042 
81.3042 
81.3042 
81.3042 
81.3042 
82.3976 
82.3976 
82.3976 
82.3976 
82.3976 
82.3976 
82.3976 
82.3976 
82.3976 
82.3976 
82.8658 
82.8658 
82.8658 
82.8658 
82.8658 
82.8658 
82.8658 
82.8658 
82.8658 
82.8658 
85.604 
85.604 
85.604 
85.604 
85.604 
85.604 
85.604 
85.604 
85.604 
85.604 
89.5038 
89.5038 
89.5038 
89.5038 
89.5038 
89.5038 
89.5038 
89.5038 
89.5038 
89.5038 
89.5038 
92.1584 
92.1584 
92.1584 
92.1584 
92.1584 
92.1584 
92.1584 
92.1584 
92.1584 
92.1584 
92.1584 
95.1272 
95.1272 
95.1272 
95.1272 
95.1272 
95.1272 
95.1272 
95.1272 
95.1272 
95.1272 
95.1272 
97.8785 
97.8785 
97.8785 
97.8785 
97.8785 
97.8785 
97.8785 
97.8785 
97.8785 
97.8785 
97.8785 
99.7617 
99.7617 
99.7617 
99.7617 
99.7617 
99.7617 
99.7617 
99.7617 
99.7617 
99.7617 
99.7617 
99.7617 
101.134 
101.134 
101.134 
101.134 
101.134 
101.134 
101.134 
101.134 
101.134 
101.134 
101.134 
101.134 
101.245 
101.245 
101.245 
101.245 
101.245 
101.245 
101.245 
101.245 
101.245 
101.245 
101.245 
98.0332 
98.0332 
98.0332 
98.0332 
98.0332 
98.0332 
98.0332 
98.0332 
98.0332 
98.0332 
98.0332 
97.047 
97.047 
97.047 
97.047 
97.047 
97.047 
97.047 
97.047 
97.047 
97.047 
97.047 
95.4775 
95.4775 
95.4775 
95.4775 
95.4775 
95.4775 
95.4775 
95.4775 
95.4775 
95.4775 
95.4775 
93.7877 
93.7877 
93.7877 
93.7877 
93.7877 
93.7877 
93.7877 
93.7877 
93.7877 
93.7877 
88.6741 
88.6741 
88.6741 
88.6741 
88.6741 
88.6741 
88.6741 
88.6741 
88.6741 
88.6741 
86.7479 
86.7479 
86.7479 
86.7479 
86.7479 
86.7479 
86.7479 
86.7479 
86.7479 
86.7479 
85.7261 
85.7261 
85.7261 
85.7261 
85.7261 
85.7261 
85.7261 
85.7261 
85.7261 
85.7261 
87.0933 
87.0933 
87.0933 
87.0933 
87.0933 
87.0933 
87.0933 
87.0933 
87.0933 
87.0933 
87.2352 
87.2352 
87.2352 
87.2352 
87.2352 
87.2352 
87.2352 
87.2352 
87.2352 
87.2352 
87.2352 
91.0429 
91.0429 
91.0429 
91.0429 
91.0429 
91.0429 
91.0429 
91.0429 
91.0429 
91.0429 
89.2987 
89.2987 
89.2987 
89.2987 
89.2987 
89.2987 
89.2987 
89.2987 
89.2987 
89.2987 
88.4829 
88.4829 
88.4829 
88.4829 
88.4829 
88.4829 
88.4829 
88.4829 
88.4829 
88.4829 
88.4829 
91.4266 
91.4266 
91.4266 
91.4266 
91.4266 
91.4266 
91.4266 
91.4266 
91.4266 
91.4266 
89.343 
89.343 
89.343 
89.343 
89.343 
89.343 
89.343 
89.343 
89.343 
89.343 
85.7711 
85.7711 
85.7711 
85.7711 
85.7711 
85.7711 
85.7711 
85.7711 
85.7711 
85.7711 
83.3842 
83.3842 
83.3842 
83.3842 
83.3842 
83.3842 
83.3842 
83.3842 
83.3842 
79.6297 
79.6297 
79.6297 
79.6297 
79.6297 
79.6297 
79.6297 
79.6297 
79.6297 
72.2975 
72.2975 
72.2975 
72.2975 
72.2975 
72.2975 
72.2975 
72.2975 
68.0824 
68.0824 
68.0824 
68.0824 
68.0824 
68.0824 
68.0824 
68.0824 
65.0554 
65.0554 
65.0554 
65.0554 
65.0554 
65.0554 
65.0554 
65.0554 
63.2907 
63.2907 
63.2907 
63.2907 
63.2907 
63.2907 
63.2907 
63.2907 
61.2552 
61.2552 
61.2552 
61.2552 
61.2552 
61.2552 
61.2552 
59.3255 
59.3255 
59.3255 
59.3255 
59.3255 
59.3255 
59.3255 
58.9965 
58.9965 
58.9965 
58.9965 
58.9965 
58.9965 
58.9965 
58.9098 
58.9098 
58.9098 
58.9098 
58.9098 
58.9098 
58.9098 
58.9098 
61.4276 
61.4276 
61.4276 
61.4276 
61.4276 
61.4276 
61.4276 
61.4276 
61.6242 
61.6242 
61.6242 
61.6242 
61.6242 
61.6242 
61.6242 
61.6242 
62.7527 
62.7527 
62.7527 
62.7527 
62.7527 
62.7527 
62.7527 
62.7527 
64.5977 
64.5977 
64.5977 
64.5977 
64.5977 
64.5977 
64.5977 
64.5977 
64.4258 
64.4258 
64.4258 
64.4258 
64.4258 
64.4258 
64.4258 
64.4258 
65.9869 
65.9869 
65.9869 
65.9869 
65.9869 
65.9869 
65.9869 
65.9869 
66.5122 
66.5122 
66.5122 
66.5122 
66.5122 
66.5122 
66.5122 
66.5122 
65.9096 
65.9096 
65.9096 
65.9096 
65.9096 
65.9096 
65.9096 
65.9096 
66.6061 
66.6061 
66.6061 
66.6061 
66.6061 
66.6061 
66.6061 
66.6061 
67.9487 
67.9487 
67.9487 
67.9487 
67.9487 
67.9487 
67.9487 
67.9487 
68.1984 
68.1984 
68.1984 
68.1984 
68.1984 
68.1984 
68.1984 
68.1984 
69.4637 
69.4637 
69.4637 
69.4637 
69.4637 
69.4637 
69.4637 
69.4637 
69.4637 
72.2489 
72.2489 
72.2489 
72.2489 
72.2489 
72.2489 
72.2489 
72.2489 
72.2489 
73.6269 
73.6269 
73.6269 
73.6269 
73.6269 
73.6269 
73.6269 
73.6269 
73.6269 
75.7845 
75.7845 
75.7845 
75.7845 
75.7845 
75.7845 
75.7845 
75.7845 
75.7845 
76.9263 
76.9263 
76.9263 
76.9263 
76.9263 
76.9263 
76.9263 
76.9263 
76.9263 
75.3353 
75.3353 
75.3353 
75.3353 
75.3353 
75.3353 
75.3353 
75.3353 
75.3353 
75.466 
75.466 
75.466 
75.466 
75.466 
75.466 
75.466 
75.466 
75.466 
73.5169 
73.5169 
73.5169 
73.5169 
73.5169 
73.5169 
73.5169 
73.5169 
73.5169 
73.846 
73.846 
73.846 
73.846 
73.846 
73.846 
73.846 
73.846 
73.846 
74.038 
74.038 
74.038 
74.038 
74.038 
74.038 
74.038 
74.038 
74.038 
72.6434 
72.6434 
72.6434 
72.6434 
72.6434 
72.6434 
72.6434 
72.6434 
72.6434 
71.4856 
71.4856 
71.4856 
71.4856 
71.4856 
71.4856 
71.4856 
71.4856 
71.4856 
71.7625 
71.7625 
71.7625 
71.7625 
71.7625 
71.7625 
71.7625 
71.7625 
71.7625 
71.6949 
71.6949 
71.6949 
71.6949 
71.6949 
71.6949 
71.6949 
71.6949 
71.6949 
72.5518 
72.5518 
72.5518 
72.5518 
72.5518 
72.5518 
72.5518 
72.5518 
72.5518 
72.8309 
72.8309 
72.8309 
72.8309 
72.8309 
72.8309 
72.8309 
72.8309 
72.8309 
72.8749 
72.8749 
72.8749 
72.8749 
72.8749 
72.8749 
72.8749 
72.8749 
72.8749 
73.775 
73.775 
73.775 
73.775 
73.775 
73.775 
73.775 
73.775 
73.775 
73.1544 
73.1544 
73.1544 
73.1544 
73.1544 
73.1544 
73.1544 
73.1544 
73.1544 
73.4396 
73.4396 
73.4396 
73.4396 
73.4396 
73.4396 
73.4396 
73.4396 
73.4396 
74.6424 
74.6424 
74.6424 
74.6424 
74.6424 
74.6424 
74.6424 
74.6424 
74.6424 
76.543 
76.543 
76.543 
76.543 
76.543 
76.543 
76.543 
76.543 
76.543 
78.6915 
78.6915 
78.6915 
78.6915 
78.6915 
78.6915 
78.6915 
78.6915 
78.6915 
79.8721 
79.8721 
79.8721 
79.8721 
79.8721 
79.8721 
79.8721 
79.8721 
79.8721 
79.8721 
83.8149 
83.8149 
83.8149 
83.8149 
83.8149 
83.8149 
83.8149 
83.8149 
83.8149 
83.8149 
86.032 
86.032 
86.032 
86.032 
86.032 
86.032 
86.032 
86.032 
86.032 
86.032 
87.0828 
87.0828 
87.0828 
87.0828 
87.0828 
87.0828 
87.0828 
87.0828 
87.0828 
87.0828 
87.9706 
87.9706 
87.9706 
87.9706 
87.9706 
87.9706 
87.9706 
87.9706 
87.9706 
87.9706 
85.776 
85.776 
85.776 
85.776 
85.776 
85.776 
85.776 
85.776 
85.776 
85.776 
83.3142 
83.3142 
83.3142 
83.3142 
83.3142 
83.3142 
83.3142 
83.3142 
83.3142 
83.3142 
82.568 
82.568 
82.568 
82.568 
82.568 
82.568 
82.568 
82.568 
82.568 
82.568 
84.1992 
84.1992 
84.1992 
84.1992 
84.1992 
84.1992 
84.1992 
84.1992 
84.1992 
84.1992 
83.634 
83.634 
83.634 
83.634 
83.634 
83.634 
83.634 
83.634 
83.634 
83.634 
80.7862 
80.7862 
80.7862 
80.7862 
80.7862 
80.7862 
80.7862 
80.7862 
80.7862 
78.4246 
78.4246 
78.4246 
78.4246 
78.4246 
78.4246 
78.4246 
78.4246 
78.4246 
78.2226 
78.2226 
78.2226 
78.2226 
78.2226 
78.2226 
78.2226 
78.2226 
78.2226 
77.1436 
77.1436 
77.1436 
77.1436 
77.1436 
77.1436 
77.1436 
77.1436 
77.1436 
75.7265 
75.7265 
75.7265 
75.7265 
75.7265 
75.7265 
75.7265 
75.7265 
75.7265 
73.6109 
73.6109 
73.6109 
73.6109 
73.6109 
73.6109 
73.6109 
73.6109 
73.6109 
72.5687 
72.5687 
72.5687 
72.5687 
72.5687 
72.5687 
72.5687 
72.5687 
72.5687 
73.6492 
73.6492 
73.6492 
73.6492 
73.6492 
73.6492 
73.6492 
73.6492 
73.6492 
73.6217 
73.6217 
73.6217 
73.6217 
73.6217 
73.6217 
73.6217 
73.6217 
73.6217 
71.052 
71.052 
71.052 
71.052 
71.052 
71.052 
71.052 
71.052 
68.2206 
68.2206 
68.2206 
68.2206 
68.2206 
68.2206 
68.2206 
68.2206 
66.3346 
66.3346 
66.3346 
66.3346 
66.3346 
66.3346 
66.3346 
66.3346 
62.7958 
62.7958 
62.7958 
62.7958 
62.7958 
62.7958 
62.7958 
62.7958 
61.9179 
61.9179 
61.9179 
61.9179 
61.9179 
61.9179 
61.9179 
61.9179 
61.1169 
61.1169 
61.1169 
61.1169 
61.1169 
61.1169 
61.1169 
59.4125 
59.4125 
59.4125 
59.4125 
59.4125 
59.4125 
59.4125 
57.2265 
57.2265 
57.2265 
57.2265 
57.2265 
57.2265 
57.2265 
56.409 
56.409 
56.409 
56.409 
56.409 
56.409 
56.409 
55.5325 
55.5325 
55.5325 
55.5325 
55.5325 
55.5325 
55.5325 
55.7995 
55.7995 
55.7995 
55.7995 
55.7995 
55.7995 
55.7995 
54.9843 
54.9843 
54.9843 
54.9843 
54.9843 
54.9843 
54.9843 
55.5276 
55.5276 
55.5276 
55.5276 
55.5276 
55.5276 
55.5276 
55.2576 
55.2576 
55.2576 
55.2576 
55.2576 
55.2576 
55.2576 
55.8301 
55.8301 
55.8301 
55.8301 
55.8301 
55.8301 
55.8301 
56.3866 
56.3866 
56.3866 
56.3866 
56.3866 
56.3866 
56.3866 
58.0403 
58.0403 
58.0403 
58.0403 
58.0403 
58.0403 
58.0403 
58.945 
58.945 
58.945 
58.945 
58.945 
58.945 
58.945 
59.2399 
59.2399 
59.2399 
59.2399 
59.2399 
59.2399 
59.2399 
59.2399 
61.2823 
61.2823 
61.2823 
61.2823 
61.2823 
61.2823 
61.2823 
61.2823 
61.6432 
61.6432 
61.6432 
61.6432 
61.6432 
61.6432 
61.6432 
61.6432 
62.4499 
62.4499 
62.4499 
62.4499 
62.4499 
62.4499 
62.4499 
62.4499 
62.8899 
62.8899 
62.8899 
62.8899 
62.8899 
62.8899 
62.8899 
62.8899 
63.6045 
63.6045 
63.6045 
63.6045 
63.6045 
63.6045 
63.6045 
63.6045 
64.1697 
64.1697 
64.1697 
64.1697 
64.1697 
64.1697 
64.1697 
64.1697 
65.4801 
65.4801 
65.4801 
65.4801 
65.4801 
65.4801 
65.4801 
65.4801 
67.1815 
67.1815 
67.1815 
67.1815 
67.1815 
67.1815 
67.1815 
67.1815 
67.1815 
72.5293 
72.5293 
72.5293 
72.5293 
72.5293 
72.5293 
72.5293 
72.5293 
72.5293 
71.1474 
71.1474 
71.1474 
71.1474 
71.1474 
71.1474 
71.1474 
58.1103 
58.1103 
58.1103 
58.1103 
58.1103 
58.1103 
58.1103 
58.0173 
58.0173 
58.0173 
58.0173 
58.0173 
58.0173 
58.0173 
58.3003 
58.3003 
58.3003 
58.3003 
58.3003 
58.3003 
58.3003 
58.9088 
58.9088 
58.9088 
58.9088 
58.9088 
58.9088 
58.9088 
59.9619 
59.9619 
59.9619 
59.9619 
59.9619 
59.9619 
59.9619 
59.9619 
62.2492 
62.2492 
62.2492 
62.2492 
62.2492 
62.2492 
62.2492 
62.2492 
63.179 
63.179 
63.179 
63.179 
63.179 
63.179 
63.179 
63.179 
62.947 
62.947 
62.947 
62.947 
62.947 
62.947 
62.947 
62.947 
63.9259 
63.9259 
63.9259 
63.9259 
63.9259 
63.9259 
63.9259 
63.9259 
63.5334 
63.5334 
63.5334 
63.5334 
63.5334 
63.5334 
63.5334 
63.5334 
63.5282 
63.5282 
63.5282 
63.5282 
63.5282 
63.5282 
63.5282 
63.5282 
64.3706 
64.3706 
64.3706 
64.3706 
64.3706 
64.3706 
64.3706 
64.3706 
65.6819 
65.6819 
65.6819 
65.6819 
65.6819 
65.6819 
65.6819 
65.6819 
67.6005 
67.6005 
67.6005 
67.6005 
67.6005 
67.6005 
67.6005 
67.6005 
68.7013 
68.7013 
68.7013 
68.7013 
68.7013 
68.7013 
68.7013 
68.7013 
68.7504 
68.7504 
68.7504 
68.7504 
68.7504 
68.7504 
68.7504 
68.7504 
68.7504 
71.3648 
71.3648 
71.3648 
71.3648 
71.3648 
71.3648 
71.3648 
71.3648 
71.3648 
74.1504 
74.1504 
74.1504 
74.1504 
74.1504 
74.1504 
74.1504 
74.1504 
74.1504 
75.4669 
75.4669 
75.4669 
75.4669 
75.4669 
75.4669 
75.4669 
75.4669 
75.4669 
76.5527 
76.5527 
76.5527 
76.5527 
76.5527 
76.5527 
76.5527 
76.5527 
76.5527 
79.4403 
79.4403 
79.4403 
79.4403 
79.4403 
79.4403 
79.4403 
79.4403 
79.4403 
79.4403 
84.0177 
84.0177 
84.0177 
84.0177 
84.0177 
84.0177 
84.0177 
84.0177 
84.0177 
84.0177 
89.2415 
89.2415 
89.2415 
89.2415 
89.2415 
89.2415 
89.2415 
89.2415 
89.2415 
89.2415 
89.2415 
98.4335 
98.4335 
98.4335 
98.4335 
98.4335 
98.4335 
98.4335 
98.4335 
98.4335 
98.4335 
98.4335 
98.4335 
103.756 
103.756 
103.756 
103.756 
103.756 
103.756 
103.756 
103.756 
103.756 
103.756 
103.756 
103.756 
107.104 
107.104 
107.104 
107.104 
107.104 
107.104 
107.104 
107.104 
107.104 
107.104 
107.104 
107.104 
109.97 
109.97 
109.97 
109.97 
109.97 
109.97 
109.97 
109.97 
109.97 
109.97 
109.97 
109.97 
109.97 
111.244 
111.244 
111.244 
111.244 
111.244 
111.244 
111.244 
111.244 
111.244 
111.244 
111.244 
111.244 
108.173 
108.173 
108.173 
108.173 
108.173 
108.173 
108.173 
108.173 
108.173 
108.173 
108.173 
108.173 
107.3 
107.3 
107.3 
107.3 
107.3 
107.3 
107.3 
107.3 
107.3 
107.3 
107.3 
107.3 
105.836 
105.836 
105.836 
105.836 
105.836 
105.836 
105.836 
105.836 
105.836 
105.836 
105.836 
105.836 
100.98 
100.98 
100.98 
100.98 
100.98 
100.98 
100.98 
100.98 
100.98 
100.98 
100.98 
98.9533 
98.9533 
98.9533 
98.9533 
98.9533 
98.9533 
98.9533 
98.9533 
98.9533 
98.9533 
98.9533 
99.2031 
99.2031 
99.2031 
99.2031 
99.2031 
99.2031 
99.2031 
99.2031 
99.2031 
99.2031 
99.2031 
99.0741 
99.0741 
99.0741 
99.0741 
99.0741 
99.0741 
99.0741 
99.0741 
99.0741 
99.0741 
99.0741 
99.6266 
99.6266 
99.6266 
99.6266 
99.6266 
