233325
233352
233376
233402
233428
233454
233479
233504
233530
233546
233563
233579
233596
233612
233628
233645
233662
233678
233694
233710
233725
233740
233755
233770
233785
233801
233815
233830
233845
233860
233875
233890
233905
233920
233935
233949
233963
233978
233993
234007
234022
234037
234052
234066
234080
234095
234110
234124
234139
234153
234168
234182
234196
234210
234225
234239
234254
234268
234282
234296
234310
234325
234339
234353
234368
234382
234396
234411
234425
234439
234453
234468
234481
234496
234510
234524
234538
234552
234566
234579
234594
234608
234622
234636
234649
234663
234677
234690
234704
234718
234731
234745
234759
234772
234786
234799
234813
234826
234839
234853
234865
234879
234892
234905
234918
234930
234943
234956
234969
234981
234993
235006
235018
235030
235043
235055
235067
235079
235091
235103
235115
235127
235139
235151
235162
235174
235186
235198
235210
235222
235234
235245
235258
235270
235281
235293
235305
235317
235329
235341
235353
235365
235377
235389
235401
235413
235425
235437
235449
235461
235473
235485
235497
235509
235521
235533
235545
235557
235569
235581
235593
235605
235616
235628
235640
235652
235664
235676
235688
235700
235712
235724
235736
235747
235759
235772
235783
235796
235808
235820
235832
235844
235856
235868
235880
235892
235904
235916
235928
235940
235952
235964
235976
235988
236000
236012
236025
236037
236049
236061
236073
236085
236097
236109
236121
236133
236145
236157
236169
236180
236192
236204
236216
236228
236240
236251
236263
236275
236286
236298
236309
236321
236333
236345
236357
236369
236381
236394
236407
236421
236433
236447
236460
236473
236486
236499
236512
236525
236539
236551
236564
236578
236591
236604
236616
236630
236643
236656
236669
236682
236695
236708
236720
236733
236746
236758
236771
236783
236796
236809
236821
236833
236845
236857
236869
236881
236893
236905
236917
236929
236941
236953
236965
236977
236990
237002
237014
237026
237038
237050
237062
237075
237087
237099
237112
237124
237136
237149
237161
237174
237186
237198
237210
237223
237235
237247
237259
237271
237283
237295
237307
237319
237331
237343
237355
237367
237379
237391
237402
237414
237426
237437
237449
237461
237473
237484
237497
237509
237520
237532
237545
237557
237569
237582
237595
237608
237620
237633
237646
237658
237671
237683
237696
237709
237722
237734
237747
237760
237773
237785
237798
237811
237824
237836
237849
237862
237875
237888
237900
237913
237927
237940
237953
237966
237980
237993
238007
238020
238034
238048
238061
238075
238088
238101
238115
238128
238142
238155
238168
238182
238195
238209
238222
238235
238249
238262
238276
238289
238302
238315
238328
238342
238354
238368
238381
238394
238408
238420
238434
238447
238460
238473
238486
238499
238512
238525
238538
238551
238564
238577
238591
238603
238617
238630
238643
238656
238669
238682
238695
238708
238721
238734
238747
238760
238773
238785
238799
238812
238825
238838
238852
238866
238879
238893
238907
238920
238934
238948
238962
238976
238989
239003
239017
239031
239044
239058
239071
239085
239099
239113
239127
239140
239153
239167
239180
239194
239207
239220
239234
239247
239261
239274
239287
239300
239313
239326
239339
239352
239366
239379
239392
239404
239418
239431
239444
239457
239470
239483
239496
239509
239521
239535
239548
239561
239573
239586
239599
239613
239626
239638
239651
239664
239677
239690
239703
239716
239730
239743
239755
239769
239782
239795
239808
239821
239834
239847
239861
239874
239887
239901
239914
239928
239941
239954
239967
239980
239994
240006
240020
240033
240046
240058
240071
240084
240097
240110
240122
240135
240148
240161
240173
240186
240198
240211
240223
240235
240248
240261
240273
240285
240298
240310
240322
240334
240347
240359
240371
240383
240395
240407
240420
240432
240445
240456
240469
240481
240493
240505
240518
240530
240542
240554
240566
240579
240591
240603
240615
240628
240640
240652
240665
240677
240689
240702
240715
240727
240739
240752
240764
240776
240789
240801
240814
240826
240838
240851
240863
240875
240888
240901
240913
240925
240938
240950
240963
240975
240987
240999
241012
241024
241036
241048
241060
241072
241084
241096
241108
241120
241132
241144
241156
241168
241180
241192
241204
241216
241227
241239
241250
241262
241273
241285
241297
241308
241319
241331
241342
241354
241366
241377
241388
241399
241410
241421
241433
241444
241455
241466
241477
241488
241499
241510
241521
241532
241543
241554
241565
241576
241587
241598
241608
241619
241630
241641
241652
241663
241674
241685
241696
241707
241718
241728
241739
241750
241760
241771
241782
241792
241803
241813
241824
241834
241844
241854
241865
241875
241885
241895
241905
241915
241925
241935
241945
241954
241965
241974
241984
241994
242004
242014
242024
242034
242043
242053
242063
242073
242083
242092
242102
242111
242121
242130
242140
242149
242158
242168
242177
242187
242196
242205
242215
242224
242233
242242
242252
242261
242270
242279
242288
242297
242306
242316
242325
242334
242343
242352
242361
242370
242379
242388
242397
242406
242415
242424
242433
242442
242452
242461
242470
242479
242488
242497
242506
242515
242524
242533
242542
242551
242560
242569
242578
242587
242597
242606
242615
242625
242634
242643
242653
242662
242671
242681
242690
242699
242708
242718
242727
242737
242746
242755
242765
242774
242784
242793
242802
242812
242822
242831
242841
242851
242860
242870
242879
242888
242898
242907
242917
242927
242937
242946
242956
242965
242975
242985
242995
243005
243015
243025
243035
243045
243056
243066
243076
243086
243097
243107
243117
243127
243138
243149
243159
243169
243180
243190
243200
243211
243221
243232
243242
243253
243263
243274
243284
243295
243305
243316
243326
243337
243347
243357
243368
243378
243388
243399
243409
243419
243430
243440
243451
243461
243471
243482
243492
243502
243512
243522
243532
243542
243552
243562
243572
243582
243592
243602
243612
243622
243632
243642
243652
243662
243672
243682
243692
243703
243713
243723
243733
243743
243754
243764
243774
243784
243794
243804
243814
243825
243835
243845
243855
243864
243874
243884
243894
243904
243913
243924
243934
243943
243954
243964
243974
243984
243994
244005
244015
244025
244035
244045
244055
244066
244076
244087
244097
244108
244119
244129
244140
244151
244161
244172
244183
244193
244204
244215
244226
244237
244248
244259
244270
244281
244292
244304
244315
244326
244337
244348
244360
244372
244384
244396
244409
244421
244434
244446
244459
244472
244485
244497
244510
244523
244536
244549
244562
244575
244589
244602
244615
244628
244642
244656
244669
244683
244696
244710
244724
244738
244753
244766
244780
244794
244808
244823
244837
244851
244865
244879
244894
244908
244923
244938
244952
244966
244981
244995
245010
245025
245040
245054
245069
245083
245097
245112
245127
245141
245156
245171
245185
245199
245213
245228
245242
245256
245271
245285
245299
245313
245328
245342
245356
245370
245385
245398
245413
245427
245441
245455
245469
245483
245497
245511
245525
245538
245552
245566
245580
245593
245607
245621
245634
245647
245661
245675
245688
245702
245715
245729
245742
245756
245769
245782
245796
245809
245822
245836
245849
245862
245875
245889
245901
245914
245928
245941
245954
245967
245980
245994
246007
246020
246033
246047
246060
246073
246087
246100
246113
246127
246140
246153
246166
246179
246192
246205
246218
246230
246243
246256
246269
246282
246295
246308
246320
246333
246346
246359
246372
246384
246397
246410
246423
246435
246448
246460
246473
246485
246497
246510
246523
246535
246547
246559
246572
246584
246596
246608
246621
246632
246645
246657
246669
246680
246693
246705
246716
246729
246741
246752
246764
246775
246787
246799
246810
246822
246833
246845
246857
246868
246880
246891
246903
246914
246926
246938
246950
246962
246974
246985
246997
247009
247021
247032
247044
247056
247068
247080
247091
247103
247115
247127
247139
247150
247163
247175
247187
247199
247211
247224
247236
247248
247260
247272
247284
247296
247308
247320
247332
247344
247356
247368
247380
247392
247404
247416
247428
247440
247452
247464
247477
247489
247501
247513
247525
247538
247550
247562
247575
247587
247599
247612
247624
247637
247649
247661
247674
247686
247699
247712
247724
247737
247749
247761
247774
247786
247798
247811
247823
247835
247848
247860
247873
247885
247897
247910
247922
247934
247947
247959
247971
247983
247995
248008
248019
248032
248044
248057
248069
248081
248093
248106
248117
248130
248142
248154
248166
248178
248191
248203
248215
248227
248240
248251
248264
248276
248288
248300
248312
248324
248336
248348
248360
248373
248384
248397
248409
248421
248433
248445
248458
248469
248482
248494
248506
248518
248530
248542
248554
248566
248578
248590
248602
248614
248626
248638
248649
248661
248673
248685
248697
248708
248720
248732
248743
248755
248766
248778
248789
248800
248811
248823
248834
248845
248857
248868
248879
248890
248901
248913
248924
248935
248946
248957
248968
248979
248990
249001
249012
249022
249033
249043
249054
249065
249075
249086
249097
249107
249118
249128
249138
249149
249159
249170
249180
249191
249201
249211
249222
249232
249243
249253
249263
249274
249284
249294
249304
249314
249325
249335
249345
249355
249365
249376
249386
249396
249407
249417
249428
249438
249448
249459
249469
249480
249491
249501
249512
249523
249534
249544
249555
249566
249577
249588
249599
249610
249621
249632
249643
249653
249664
249675
249686
249697
249708
249719
249730
249740
249751
249762
249772
249783
249794
249804
249815
249826
249836
249847
249858
249868
249879
249890
249901
249912
249922
249934
249945
249955
249967
249978
249989
250000
250011
250023
250034
250046
250057
250068
250080
250091
250102
250114
250125
250136
250148
250159
250170
250182
250193
250204
250216
250227
250238
250250
250261
250273
250284
250296
250307
250319
250330
250342
250354
250365
250377
250389
250400
250412
250424
250436
250448
250460
250472
250484
250496
250508
250520
250532
250544
250556
250569
250581
250594
250606
250618
250630
250643
250655
250667
250679
250691
250703
250715
250728
250739
250751
250764
250776
250787
250800
250812
250824
250836
250848
250860
250872
250884
250896
250909
250921
250933
250946
250958
250971
250984
250997
251009
251022
251035
251048
251061
251073
251086
251099
251113
251125
251138
251152
251165
251179
251192
251205
251219
251232
251246
251260
251274
251288
251302
251317
251331
251345
251359
251373
251387
251401
251415
251430
251444
251458
251472
251487
251501
251515
251530
251544
251558
251573
251588
251602
251617
251631
251646
251660
251674
251689
251705
251720
251735
251750
251766
251781
251796
251811
251826
251841
251857
251872
251888
251903
251919
251934
251949
251965
251980
251996
252011
252026
252042
252057
252072
252088
252104
252119
252135
252150
252166
252181
252197
252212
252227
252243
252258
252274
252290
252305
252321
252336
252352
252367
252383
252398
252414
252430
252445
252460
252475
252491
252506
252521
252537
252552
252567
252582
252597
252612
252627
252642
252657
252672
252687
252701
252716
252730
252745
252759
252774
252788
252803
252818
252832
252847
252861
252875
252890
252905
252919
252933
252947
252961
252975
252990
253004
253018
253033
253048
253061
253076
253090
253104
253118
253133
253147
253161
253175
253189
253203
253217
253231
253245
253259
253273
253287
253301
253315
253329
253342
253356
253370
253384
253398
253412
253425
253439
253453
253467
253480
253494
253508
253522
253535
253549
253563
253576
253589
253603
253617
253630
253643
253657
253670
253683
253696
253709
253723
253736
253749
253762
253775
253788
253801
253813
253825
253838
253851
253863
253875
253887
253899
253911
253923
253935
253947
253958
253970
253982
253994
254009
254024
254038
254053
254068
254083
254098
254112
254127
254142
254156
254171
254186
254201
254216
254230
254245
254260
254274
254289
254304
254319
254333
254348
254362
254377
254391
254406
254421
254435
254450
254464
254478
254492
254507
254521
254535
254550
254563
254578
254592
254606
254620
254634
254648
254661
254676
254689
254704
254717
254731
254745
254759
254773
254787
254801
254815
254828
254842
254856
254870
254884
254897
254911
254925
254939
254953
254966
254980
254994
255008
255022
255035
255049
255062
255076
255090
255104
255118
255131
255145
255159
255173
255186
255200
255214
255227
255241
255255
255269
255282
255295
255309
255323
255336
255349
255362
255376
255389
255403
255415
255428
255442
255455
255468
255480
255493
255506
255519
255532
255545
255558
255571
255583
255596
255608
255621
255634
255647
255660
255672
255685
255697
255710
255723
255736
255748
255761
255773
255786
255798
255810
255823
255835
255847
255859
255872
255883
255895
255907
255919
255931
255943
255955
255967
255978
255991
256002
256014
256026
256038
256049
256061
256073
256084
256096
256108
256119
256131
256142
256154
256165
256176
256188
256199
256210
256222
256232
256244
256255
256265
256276
256287
256298
256309
256320
256330
256341
256351
256362
256372
256383
256393
256403
256413
256423
256433
256443
256453
256463
256472
256482
256491
256501
256510
256519
256528
256538
256546
256556
256564
256573
256582
256591
256600
256609
256617
256626
256635
256644
256653
256661
256670
256679
256688
256696
256705
256713
256722
256730
256739
256747
256756
256764
256773
256781
256790
256798
256807
256815
256823
256831
256840
256848
256857
256865
256873
256881
256890
256898
256906
256915
256923
256931
256940
256948
256957
256965
256973
256981
256990
256998
257006
257014
257023
257031
257040
257048
257057
257066
257074
257083
257092
257100
257109
257117
257126
257134
257143
257151
257160
257168
257177
257185
257194
257202
257211
257220
257228
257237
257245
257254
257263
257272
257280
257289
257298
257307
257316
257325
257334
257343
257352
257361
257371
257380
257389
257398
257408
257417
257426
257435
257445
257454
257463
257472
257481
257490
257499
257509
257518
257527
257537
257546
257555
257564
257573
257582
257591
257600
257610
257619
257628
257637
257646
257656
257665
257674
257683
257692
257701
257710
257719
257728
257738
257747
257756
257765
257774
257783
257793
257802
257811
257821
257830
257839
257848
