0 
0 
0 
16.472 
16.472 
16.472 
15.7889 
15.7889 
15.7889 
15.7889 
24.8259 
24.8259 
24.8259 
24.8259 
24.467 
24.467 
24.467 
24.467 
24.9509 
24.9509 
24.9509 
24.9509 
25.6411 
25.6411 
25.6411 
25.6411 
25.6078 
25.6078 
25.6078 
25.6078 
25.6922 
25.6922 
25.6922 
25.6922 
26.3041 
26.3041 
26.3041 
26.3041 
26.8577 
26.8577 
26.8577 
26.8577 
27.3878 
27.3878 
27.3878 
27.3878 
27.8375 
27.8375 
27.8375 
27.8375 
28.8903 
28.8903 
28.8903 
28.8903 
29.8062 
29.8062 
29.8062 
29.8062 
29.8062 
34.2308 
34.2308 
34.2308 
34.2308 
34.2308 
36.8429 
36.8429 
36.8429 
36.8429 
36.8429 
37.4656 
37.4656 
37.4656 
37.4656 
37.4656 
38.0924 
38.0924 
38.0924 
38.0924 
38.0924 
36.7332 
36.7332 
36.7332 
36.7332 
36.7332 
35.5213 
35.5213 
35.5213 
35.5213 
35.5213 
35.8762 
35.8762 
35.8762 
35.8762 
35.8762 
36.5591 
36.5591 
36.5591 
36.5591 
36.5591 
36.1321 
36.1321 
36.1321 
36.1321 
36.1321 
34.7329 
34.7329 
34.7329 
34.7329 
34.7329 
34.2531 
34.2531 
34.2531 
34.2531 
34.2531 
34.8143 
34.8143 
34.8143 
34.8143 
34.8143 
35.8214 
35.8214 
35.8214 
35.8214 
35.8214 
35.2965 
35.2965 
35.2965 
35.2965 
35.2965 
34.8847 
34.8847 
34.8847 
34.8847 
34.8847 
35.3166 
35.3166 
35.3166 
35.3166 
35.3166 
36.5256 
36.5256 
36.5256 
36.5256 
36.5256 
37.9829 
37.9829 
37.9829 
37.9829 
37.9829 
35.8439 
35.8439 
35.8439 
35.8439 
35.8439 
32.6474 
32.6474 
32.6474 
32.6474 
29.72 
29.72 
29.72 
29.72 
29.1096 
29.1096 
29.1096 
29.1096 
29.6695 
29.6695 
29.6695 
29.6695 
29.438 
29.438 
29.438 
29.438 
29.8975 
29.8975 
29.8975 
29.8975 
29.8975 
32.7435 
32.7435 
32.7435 
32.7435 
32.7435 
33.9335 
33.9335 
33.9335 
33.9335 
33.9335 
33.4525 
33.4525 
33.4525 
33.4525 
33.4525 
33.5111 
33.5111 
33.5111 
33.5111 
33.5111 
33.9971 
33.9971 
33.9971 
33.9971 
33.9971 
33.3029 
33.3029 
33.3029 
33.3029 
33.3029 
34.7116 
34.7116 
34.7116 
34.7116 
34.7116 
34.7468 
34.7468 
34.7468 
34.7468 
34.7468 
34.7341 
34.7341 
34.7341 
34.7341 
34.7341 
34.5879 
34.5879 
34.5879 
34.5879 
34.5879 
34.5087 
34.5087 
34.5087 
34.5087 
34.5087 
32.798 
32.798 
32.798 
32.798 
32.798 
32.3392 
32.3392 
32.3392 
32.3392 
32.3392 
33.4017 
33.4017 
33.4017 
33.4017 
33.4017 
33.6917 
33.6917 
33.6917 
33.6917 
33.6917 
34.8039 
34.8039 
34.8039 
34.8039 
34.8039 
34.6908 
34.6908 
34.6908 
34.6908 
34.6908 
34.6302 
34.6302 
34.6302 
34.6302 
34.6302 
34.405 
34.405 
34.405 
34.405 
34.405 
34.4093 
34.4093 
34.4093 
34.4093 
34.4093 
34.8718 
34.8718 
34.8718 
34.8718 
34.8718 
35.4298 
35.4298 
35.4298 
35.4298 
35.4298 
36.959 
36.959 
36.959 
36.959 
36.959 
37.6942 
37.6942 
37.6942 
37.6942 
37.6942 
37.2882 
37.2882 
37.2882 
37.2882 
37.2882 
37.5208 
37.5208 
37.5208 
37.5208 
37.5208 
37.4859 
37.4859 
37.4859 
37.4859 
37.4859 
37.0567 
37.0567 
37.0567 
37.0567 
37.0567 
36.8459 
36.8459 
36.8459 
36.8459 
36.8459 
37.5191 
37.5191 
37.5191 
37.5191 
37.5191 
37.7766 
37.7766 
37.7766 
37.7766 
37.7766 
39.1724 
39.1724 
39.1724 
39.1724 
39.1724 
39.1724 
43.1592 
43.1592 
43.1592 
43.1592 
43.1592 
43.1592 
43.6996 
43.6996 
43.6996 
43.6996 
43.6996 
43.6996 
43.5539 
43.5539 
43.5539 
43.5539 
43.5539 
43.5539 
45.1361 
45.1361 
45.1361 
45.1361 
45.1361 
45.1361 
44.0034 
44.0034 
44.0034 
44.0034 
44.0034 
44.0034 
45.2932 
45.2932 
45.2932 
45.2932 
45.2932 
45.2932 
46.7915 
46.7915 
46.7915 
46.7915 
46.7915 
46.7915 
49.2977 
49.2977 
49.2977 
49.2977 
49.2977 
49.2977 
49.2977 
52.3279 
52.3279 
52.3279 
52.3279 
52.3279 
52.3279 
52.3279 
52.7306 
52.7306 
52.7306 
52.7306 
52.7306 
52.7306 
52.7306 
52.9307 
52.9307 
52.9307 
52.9307 
52.9307 
52.9307 
52.9307 
53.0741 
53.0741 
53.0741 
53.0741 
53.0741 
53.0741 
53.0741 
52.4391 
52.4391 
52.4391 
52.4391 
52.4391 
52.4391 
52.4391 
51.6141 
51.6141 
51.6141 
51.6141 
51.6141 
51.6141 
49.4637 
49.4637 
49.4637 
49.4637 
49.4637 
49.4637 
49.4637 
52.284 
52.284 
52.284 
52.284 
52.284 
52.284 
48.39 
48.39 
48.39 
48.39 
48.39 
48.39 
46.4235 
46.4235 
46.4235 
46.4235 
46.4235 
46.4235 
46.1447 
46.1447 
46.1447 
46.1447 
46.1447 
46.1447 
47.5045 
47.5045 
47.5045 
47.5045 
47.5045 
47.5045 
47.7429 
47.7429 
47.7429 
47.7429 
47.7429 
47.7429 
47.4642 
47.4642 
47.4642 
47.4642 
47.4642 
47.4642 
47.9005 
47.9005 
47.9005 
47.9005 
47.9005 
47.9005 
48.0966 
48.0966 
48.0966 
48.0966 
48.0966 
48.0966 
47.1938 
47.1938 
47.1938 
47.1938 
47.1938 
47.1938 
47.524 
47.524 
47.524 
47.524 
47.524 
47.524 
45.5298 
45.5298 
45.5298 
45.5298 
45.5298 
45.5298 
42.7912 
42.7912 
42.7912 
42.7912 
42.7912 
42.7912 
41.9931 
41.9931 
41.9931 
41.9931 
41.9931 
39.8186 
39.8186 
39.8186 
39.8186 
39.8186 
38.1891 
38.1891 
38.1891 
38.1891 
38.1891 
35.1787 
35.1787 
35.1787 
35.1787 
28.9129 
28.9129 
28.9129 
28.9129 
27.1715 
27.1715 
27.1715 
27.1715 
26.9939 
26.9939 
26.9939 
26.9939 
27.1759 
27.1759 
27.1759 
27.1759 
27.3084 
27.3084 
27.3084 
27.3084 
27.9434 
27.9434 
27.9434 
27.9434 
28.8633 
28.8633 
28.8633 
28.8633 
29.6807 
29.6807 
29.6807 
29.6807 
29.6807 
32.563 
32.563 
32.563 
32.563 
32.563 
32.3631 
32.3631 
32.3631 
32.3631 
32.3631 
32.7972 
32.7972 
32.7972 
32.7972 
32.7972 
33.3638 
33.3638 
33.3638 
33.3638 
33.3638 
33.464 
33.464 
33.464 
33.464 
33.464 
34.4473 
34.4473 
34.4473 
34.4473 
34.4473 
34.6655 
34.6655 
34.6655 
34.6655 
34.6655 
35.5554 
35.5554 
35.5554 
35.5554 
35.5554 
36.5037 
36.5037 
36.5037 
36.5037 
36.5037 
37.2692 
37.2692 
37.2692 
37.2692 
37.2692 
39.0251 
39.0251 
39.0251 
39.0251 
39.0251 
39.85 
39.85 
39.85 
39.85 
39.85 
39.3857 
39.3857 
39.3857 
39.3857 
39.3857 
39.0006 
39.0006 
39.0006 
39.0006 
39.0006 
38.6673 
38.6673 
38.6673 
38.6673 
38.6673 
37.8573 
37.8573 
37.8573 
37.8573 
37.8573 
38.028 
38.028 
38.028 
38.028 
38.028 
36.2161 
36.2161 
36.2161 
36.2161 
36.2161 
35.8223 
35.8223 
35.8223 
35.8223 
35.8223 
35.9707 
35.9707 
35.9707 
35.9707 
35.9707 
36.8674 
36.8674 
36.8674 
36.8674 
36.8674 
35.7009 
35.7009 
35.7009 
35.7009 
35.7009 
36.8978 
36.8978 
36.8978 
36.8978 
36.8978 
37.5889 
37.5889 
37.5889 
37.5889 
37.5889 
37.4132 
37.4132 
37.4132 
37.4132 
37.4132 
36.9856 
36.9856 
36.9856 
36.9856 
36.9856 
37.1968 
37.1968 
37.1968 
37.1968 
37.1968 
38.6086 
38.6086 
38.6086 
38.6086 
38.6086 
38.6086 
42.0803 
42.0803 
42.0803 
42.0803 
42.0803 
42.0803 
44.0453 
44.0453 
44.0453 
44.0453 
44.0453 
44.0453 
45.5782 
45.5782 
45.5782 
45.5782 
45.5782 
45.5782 
44.8988 
44.8988 
44.8988 
44.8988 
44.8988 
44.8988 
45.5145 
45.5145 
45.5145 
45.5145 
45.5145 
45.5145 
44.603 
44.603 
44.603 
44.603 
44.603 
44.603 
43.2152 
43.2152 
43.2152 
43.2152 
43.2152 
43.2152 
42.9391 
42.9391 
42.9391 
42.9391 
42.9391 
42.9391 
42.7968 
42.7968 
42.7968 
42.7968 
42.7968 
42.7968 
43.9117 
43.9117 
43.9117 
43.9117 
43.9117 
43.9117 
45.6341 
45.6341 
45.6341 
45.6341 
45.6341 
45.6341 
45.1195 
45.1195 
45.1195 
45.1195 
45.1195 
45.1195 
44.2052 
44.2052 
44.2052 
44.2052 
44.2052 
44.2052 
41.9518 
41.9518 
41.9518 
41.9518 
41.9518 
41.9518 
41.7896 
41.7896 
41.7896 
41.7896 
41.7896 
41.7896 
42.4485 
42.4485 
42.4485 
42.4485 
42.4485 
39.8474 
39.8474 
39.8474 
39.8474 
39.8474 
35.9519 
35.9519 
35.9519 
35.9519 
35.9519 
33.5366 
33.5366 
33.5366 
33.5366 
33.5366 
33.7195 
33.7195 
33.7195 
33.7195 
33.7195 
33.9863 
33.9863 
33.9863 
33.9863 
33.9863 
34.6338 
34.6338 
34.6338 
34.6338 
34.6338 
34.5544 
34.5544 
34.5544 
34.5544 
34.5544 
32.0619 
32.0619 
32.0619 
32.0619 
28.5985 
28.5985 
28.5985 
28.5985 
27.2909 
27.2909 
27.2909 
27.2909 
24.805 
24.805 
24.805 
24.805 
24.22 
24.22 
24.22 
24.22 
24.3084 
24.3084 
24.3084 
24.3084 
24.5261 
24.5261 
24.5261 
24.5261 
25.1012 
25.1012 
25.1012 
25.1012 
25.0139 
25.0139 
25.0139 
25.0139 
24.9971 
24.9971 
24.9971 
24.9971 
24.9043 
24.9043 
24.9043 
24.9043 
25.5732 
25.5732 
25.5732 
25.5732 
26.1731 
26.1731 
26.1731 
26.1731 
26.7331 
26.7331 
26.7331 
26.7331 
27.2448 
27.2448 
27.2448 
27.2448 
27.8297 
27.8297 
27.8297 
27.8297 
27.9983 
27.9983 
27.9983 
27.9983 
28.7502 
28.7502 
28.7502 
28.7502 
29.1916 
29.1916 
29.1916 
29.1916 
29.1916 
32.3041 
32.3041 
32.3041 
32.3041 
32.3041 
33.2625 
33.2625 
33.2625 
33.2625 
33.2625 
34.1327 
34.1327 
34.1327 
34.1327 
34.1327 
36.6811 
36.6811 
36.6811 
36.6811 
36.6811 
36.6811 
44.8322 
44.8322 
44.8322 
44.8322 
28.9695 
28.9695 
28.9695 
28.9695 
25.3305 
25.3305 
25.3305 
25.3305 
25.6012 
25.6012 
25.6012 
25.6012 
25.6665 
25.6665 
25.6665 
25.6665 
26.4305 
26.4305 
26.4305 
26.4305 
27.4884 
27.4884 
27.4884 
27.4884 
28.3487 
28.3487 
28.3487 
28.3487 
28.7542 
28.7542 
28.7542 
28.7542 
29.2245 
29.2245 
29.2245 
29.2245 
29.6313 
29.6313 
29.6313 
29.6313 
29.5294 
29.5294 
29.5294 
29.5294 
29.896 
29.896 
29.896 
29.896 
29.4411 
29.4411 
29.4411 
29.4411 
29.4411 
32.824 
32.824 
32.824 
32.824 
32.824 
34.1389 
34.1389 
34.1389 
34.1389 
34.1389 
35.4808 
35.4808 
35.4808 
35.4808 
35.4808 
36.0149 
36.0149 
36.0149 
36.0149 
36.0149 
37.5301 
37.5301 
37.5301 
37.5301 
37.5301 
38.5648 
38.5648 
38.5648 
38.5648 
38.5648 
38.5648 
41.9027 
41.9027 
41.9027 
41.9027 
41.9027 
41.9027 
44.011 
44.011 
44.011 
44.011 
44.011 
44.011 
46.418 
46.418 
46.418 
46.418 
46.418 
46.418 
48.8156 
48.8156 
48.8156 
48.8156 
48.8156 
48.8156 
48.8156 
53.4571 
53.4571 
53.4571 
53.4571 
53.4571 
53.4571 
53.4571 
58.9578 
58.9578 
58.9578 
58.9578 
58.9578 
58.9578 
58.9578 
58.9578 
63.581 
63.581 
63.581 
63.581 
63.581 
63.581 
63.581 
63.581 
65.4956 
65.4956 
65.4956 
65.4956 
65.4956 
65.4956 
65.4956 
65.4956 
68.5259 
68.5259 
68.5259 
68.5259 
68.5259 
68.5259 
68.5259 
68.5259 
67.8873 
67.8873 
67.8873 
67.8873 
67.8873 
67.8873 
67.8873 
67.8873 
66.8302 
66.8302 
66.8302 
66.8302 
66.8302 
66.8302 
66.8302 
66.8302 
66.9554 
66.9554 
66.9554 
66.9554 
66.9554 
66.9554 
66.9554 
66.9554 
66.1157 
66.1157 
66.1157 
66.1157 
66.1157 
66.1157 
66.1157 
66.1157 
65.9226 
65.9226 
65.9226 
65.9226 
65.9226 
65.9226 
65.9226 
65.9226 
66.7033 
66.7033 
66.7033 
66.7033 
66.7033 
66.7033 
66.7033 
66.7033 
66.7011 
66.7011 
66.7011 
66.7011 
66.7011 
66.7011 
66.7011 
66.7011 
65.9821 
65.9821 
65.9821 
65.9821 
65.9821 
65.9821 
65.9821 
65.9821 
66.9551 
66.9551 
66.9551 
66.9551 
66.9551 
66.9551 
66.9551 
66.9551 
66.6161 
66.6161 
66.6161 
66.6161 
66.6161 
66.6161 
66.6161 
66.6161 
66.097 
