0 
0 
0 
15.4375 
15.4375 
15.4375 
17.2701 
17.2701 
17.2701 
17.2701 
23.641 
23.641 
23.641 
23.641 
23.2421 
23.2421 
23.2421 
23.2421 
24.5052 
24.5052 
24.5052 
24.5052 
24.853 
24.853 
24.853 
24.853 
24.9346 
24.9346 
24.9346 
24.9346 
25.0217 
25.0217 
25.0217 
25.0217 
25.2922 
25.2922 
25.2922 
25.2922 
25.1088 
25.1088 
25.1088 
25.1088 
25.0434 
25.0434 
25.0434 
25.0434 
25.2716 
25.2716 
25.2716 
25.2716 
25.3317 
25.3317 
25.3317 
25.3317 
25.2936 
25.2936 
25.2936 
25.2936 
25.2936 
30.3949 
30.3949 
30.3949 
13.8766 
13.8766 
13.8766 
13.7636 
13.7636 
13.7636 
14.0595 
14.0595 
14.0595 
14.1468 
14.1468 
14.1468 
14.5472 
14.5472 
14.5472 
15.1673 
15.1673 
15.1673 
16.1521 
16.1521 
16.1521 
16.3655 
16.3655 
16.3655 
16.6901 
16.6901 
16.6901 
17.0806 
17.0806 
17.0806 
17.761 
17.761 
17.761 
18.3076 
18.3076 
18.3076 
19.3222 
19.3222 
19.3222 
19.3222 
23.2578 
23.2578 
23.2578 
23.2578 
25.0343 
25.0343 
25.0343 
25.0343 
25.8856 
25.8856 
25.8856 
25.8856 
27.9312 
27.9312 
27.9312 
27.9312 
27.9312 
32.719 
32.719 
32.719 
32.719 
32.719 
32.4412 
32.4412 
32.4412 
32.4412 
29.232 
29.232 
29.232 
29.232 
28.4177 
28.4177 
28.4177 
28.4177 
28.2042 
28.2042 
28.2042 
28.2042 
29.897 
29.897 
29.897 
29.897 
29.897 
34.571 
34.571 
34.571 
34.571 
34.571 
36.8987 
36.8987 
36.8987 
36.8987 
36.8987 
39.6353 
39.6353 
39.6353 
39.6353 
39.6353 
39.6353 
41.9717 
41.9717 
41.9717 
41.9717 
41.9717 
37.4455 
37.4455 
37.4455 
37.4455 
37.4455 
34.5759 
34.5759 
34.5759 
34.5759 
27.9432 
27.9432 
27.9432 
27.9432 
21.4277 
21.4277 
21.4277 
13.5002 
13.5002 
9.19168 
9.19168 
9.03468 
9.03468 
9.42078 
9.42078 
9.96164 
9.96164 
9.96164 
14.6622 
14.6622 
14.6622 
15.3751 
15.3751 
15.3751 
15.501 
15.501 
15.501 
15.418 
15.418 
15.418 
16.2182 
16.2182 
16.2182 
16.859 
16.859 
16.859 
17.2706 
17.2706 
17.2706 
17.6806 
17.6806 
17.6806 
18.192 
18.192 
18.192 
18.0096 
18.0096 
18.0096 
17.5397 
17.5397 
17.5397 
16.8685 
16.8685 
16.8685 
16.7952 
16.7952 
16.7952 
16.874 
16.874 
16.874 
17.3137 
17.3137 
17.3137 
17.7569 
17.7569 
17.7569 
17.815 
17.815 
17.815 
18.3022 
18.3022 
18.3022 
18.4904 
18.4904 
18.4904 
18.5875 
18.5875 
18.5875 
18.9549 
18.9549 
18.9549 
19.1197 
19.1197 
19.1197 
19.9859 
19.9859 
19.9859 
19.9859 
24.2661 
24.2661 
24.2661 
24.2661 
25.7125 
25.7125 
25.7125 
25.7125 
25.9744 
25.9744 
25.9744 
25.9744 
26.8396 
26.8396 
26.8396 
26.8396 
26.368 
26.368 
26.368 
26.368 
25.5117 
25.5117 
25.5117 
25.5117 
25.8372 
25.8372 
25.8372 
25.8372 
25.8347 
25.8347 
25.8347 
25.8347 
26.3335 
26.3335 
26.3335 
26.3335 
28.7551 
28.7551 
28.7551 
28.7551 
28.7551 
32.521 
32.521 
32.521 
32.521 
32.521 
34.0625 
34.0625 
34.0625 
34.0625 
34.0625 
35.5487 
35.5487 
35.5487 
35.5487 
35.5487 
35.7261 
35.7261 
35.7261 
35.7261 
35.7261 
36.1979 
36.1979 
36.1979 
36.1979 
36.1979 
38.2854 
38.2854 
38.2854 
38.2854 
38.2854 
38.2854 
42.4776 
42.4776 
42.4776 
42.4776 
42.4776 
42.4776 
43.3081 
43.3081 
43.3081 
43.3081 
43.3081 
39.592 
39.592 
39.592 
39.592 
39.592 
39.0976 
39.0976 
39.0976 
39.0976 
39.0976 
39.0976 
42.8665 
42.8665 
42.8665 
42.8665 
42.8665 
42.8665 
44.7077 
44.7077 
44.7077 
44.7077 
44.7077 
44.7077 
45.457 
45.457 
45.457 
45.457 
45.457 
45.457 
44.245 
44.245 
44.245 
44.245 
44.245 
44.245 
42.256 
42.256 
42.256 
42.256 
42.256 
42.256 
43.473 
43.473 
43.473 
43.473 
43.473 
43.473 
45.5012 
45.5012 
45.5012 
45.5012 
45.5012 
45.5012 
42.3532 
42.3532 
42.3532 
42.3532 
42.3532 
35.9244 
35.9244 
35.9244 
35.9244 
29.9779 
29.9779 
29.9779 
29.9779 
29.1011 
29.1011 
29.1011 
29.1011 
29.1011 
32.4384 
32.4384 
32.4384 
32.4384 
32.4384 
34.0399 
34.0399 
34.0399 
34.0399 
34.0399 
35.001 
35.001 
35.001 
35.001 
35.001 
34.23 
34.23 
34.23 
34.23 
34.23 
33.4854 
33.4854 
33.4854 
33.4854 
29.6256 
29.6256 
29.6256 
29.6256 
26.1637 
26.1637 
26.1637 
26.1637 
24.2978 
24.2978 
24.2978 
24.2978 
22.7579 
22.7579 
22.7579 
18.441 
18.441 
18.441 
16.6193 
16.6193 
16.6193 
14.8 
14.8 
14.8 
14.0126 
14.0126 
14.0126 
13.735 
13.735 
13.735 
13.8955 
13.8955 
13.8955 
13.7001 
13.7001 
13.7001 
13.8724 
13.8724 
13.8724 
13.9611 
13.9611 
13.9611 
14.0186 
14.0186 
14.0186 
14.1765 
14.1765 
14.1765 
14.3064 
14.3064 
14.3064 
14.8644 
14.8644 
14.8644 
15.6577 
15.6577 
15.6577 
16.0859 
16.0859 
16.0859 
16.8941 
16.8941 
16.8941 
17.7324 
17.7324 
17.7324 
18.3109 
18.3109 
18.3109 
18.1149 
18.1149 
18.1149 
18.0203 
18.0203 
18.0203 
18.6263 
18.6263 
18.6263 
18.3473 
18.3473 
18.3473 
17.9145 
17.9145 
17.9145 
17.7932 
17.7932 
17.7932 
17.7064 
17.7064 
17.7064 
18.0696 
18.0696 
18.0696 
18.4665 
18.4665 
18.4665 
18.45 
18.45 
18.45 
18.835 
18.835 
18.835 
19.0308 
19.0308 
19.0308 
19.4127 
19.4127 
19.4127 
19.9305 
19.9305 
19.9305 
19.9305 
23.6528 
23.6528 
23.6528 
23.6528 
24.7611 
24.7611 
24.7611 
24.7611 
25.2427 
25.2427 
25.2427 
25.2427 
25.9566 
25.9566 
25.9566 
25.9566 
27.3323 
27.3323 
27.3323 
27.3323 
28.0091 
28.0091 
28.0091 
28.0091 
29.1111 
29.1111 
29.1111 
29.1111 
29.1111 
32.8365 
32.8365 
32.8365 
32.8365 
32.8365 
34.1002 
34.1002 
34.1002 
34.1002 
34.1002 
36.2827 
36.2827 
36.2827 
36.2827 
36.2827 
38.0991 
38.0991 
38.0991 
38.0991 
38.0991 
38.9075 
38.9075 
38.9075 
38.9075 
38.9075 
37.1874 
37.1874 
37.1874 
37.1874 
37.1874 
34.6589 
34.6589 
34.6589 
34.6589 
34.6589 
33.1673 
33.1673 
33.1673 
33.1673 
33.1673 
32.5899 
32.5899 
32.5899 
32.5899 
29.0831 
29.0831 
29.0831 
29.0831 
26.7962 
26.7962 
26.7962 
26.7962 
23.8279 
23.8279 
23.8279 
18.4022 
18.4022 
18.4022 
17.5429 
17.5429 
17.5429 
16.1884 
16.1884 
16.1884 
14.0256 
14.0256 
9.78003 
9.78003 
9.75327 
9.75327 
9.23794 
9.23794 
9.38407 
9.38407 
9.63663 
9.63663 
9.68838 
9.68838 
9.45801 
9.45801 
9.35378 
9.35378 
9.06877 
9.06877 
8.87728 
8.87728 
8.84224 
8.84224 
8.90578 
8.90578 
9.07383 
9.07383 
9.32056 
9.32056 
9.76366 
9.76366 
9.80377 
9.80377 
9.92793 
9.92793 
9.92793 
13.5687 
13.5687 
13.5687 
13.7793 
13.7793 
13.7793 
14.3046 
14.3046 
14.3046 
15.6562 
15.6562 
15.6562 
17.7023 
17.7023 
17.7023 
17.8836 
17.8836 
17.8836 
14.7587 
14.7587 
14.7587 
15.1873 
15.1873 
15.1873 
15.125 
15.125 
15.125 
15.4844 
15.4844 
15.4844 
15.8751 
15.8751 
15.8751 
16.0579 
16.0579 
16.0579 
16.7194 
16.7194 
16.7194 
16.5802 
16.5802 
16.5802 
18.029 
18.029 
18.029 
18.3873 
18.3873 
18.3873 
18.7556 
18.7556 
18.7556 
19.1703 
19.1703 
19.1703 
19.1703 
22.8944 
22.8944 
22.8944 
22.8944 
24.4307 
24.4307 
24.4307 
24.4307 
25.354 
25.354 
25.354 
25.354 
26.6529 
26.6529 
26.6529 
26.6529 
27.8673 
27.8673 
27.8673 
27.8673 
27.8673 
32.92 
32.92 
32.92 
32.92 
32.92 
34.821 
34.821 
34.821 
34.821 
34.821 
36.3628 
36.3628 
36.3628 
36.3628 
36.3628 
38.8887 
38.8887 
38.8887 
38.8887 
38.8887 
38.8887 
48.1017 
48.1017 
48.1017 
48.1017 
48.1017 
48.1017 
48.1017 
54.9593 
54.9593 
54.9593 
54.9593 
54.9593 
54.9593 
54.9593 
56.6674 
56.6674 
56.6674 
56.6674 
56.6674 
56.6674 
56.6674 
57.9559 
57.9559 
57.9559 
57.9559 
57.9559 
57.9559 
57.9559 
57.9559 
63.541 
63.541 
63.541 
63.541 
63.541 
63.541 
63.541 
63.541 
63.541 
72.3132 
72.3132 
72.3132 
72.3132 
72.3132 
72.3132 
72.3132 
72.3132 
72.3132 
77.5768 
77.5768 
77.5768 
77.5768 
77.5768 
77.5768 
77.5768 
77.5768 
77.5768 
78.9775 
78.9775 
78.9775 
78.9775 
78.9775 
78.9775 
78.9775 
78.9775 
78.9775 
78.9775 
86.1151 
86.1151 
86.1151 
86.1151 
86.1151 
86.1151 
86.1151 
86.1151 
86.1151 
86.1151 
89.2052 
89.2052 
89.2052 
89.2052 
89.2052 
89.2052 
89.2052 
89.2052 
89.2052 
89.2052 
89.0497 
89.0497 
89.0497 
89.0497 
89.0497 
89.0497 
89.0497 
89.0497 
89.0497 
89.0497 
88.9548 
88.9548 
88.9548 
88.9548 
88.9548 
88.9548 
88.9548 
88.9548 
88.9548 
88.9548 
89.0022 
89.0022 
