0 
0 
0 
0 
29.5024 
29.5024 
29.5024 
29.5024 
25.4502 
25.4502 
25.4502 
25.4502 
28.8931 
28.8931 
28.8931 
28.8931 
28.8931 
30.6126 
30.6126 
30.6126 
30.6126 
24.1656 
24.1656 
24.1656 
24.1656 
24.5405 
24.5405 
24.5405 
24.5405 
24.4242 
24.4242 
24.4242 
24.4242 
24.6437 
24.6437 
24.6437 
24.6437 
24.9621 
24.9621 
24.9621 
24.9621 
25.7113 
25.7113 
25.7113 
25.7113 
26.8855 
26.8855 
26.8855 
26.8855 
28.297 
28.297 
28.297 
28.297 
29.8272 
29.8272 
29.8272 
29.8272 
29.8272 
33.2546 
33.2546 
33.2546 
33.2546 
33.2546 
35.9098 
35.9098 
35.9098 
35.9098 
35.9098 
37.5388 
37.5388 
37.5388 
37.5388 
37.5388 
39.7544 
39.7544 
39.7544 
39.7544 
39.7544 
39.7544 
43.0939 
43.0939 
43.0939 
43.0939 
43.0939 
43.0939 
44.3094 
44.3094 
44.3094 
44.3094 
44.3094 
44.3094 
44.9902 
44.9902 
44.9902 
44.9902 
44.9902 
44.9902 
44.2514 
44.2514 
44.2514 
44.2514 
44.2514 
44.2514 
46.0123 
46.0123 
46.0123 
46.0123 
46.0123 
46.0123 
47.489 
47.489 
47.489 
47.489 
47.489 
47.489 
48.3445 
48.3445 
48.3445 
48.3445 
48.3445 
48.3445 
49.5012 
49.5012 
49.5012 
49.5012 
49.5012 
49.5012 
48.8897 
48.8897 
48.8897 
48.8897 
48.8897 
48.8897 
45.9183 
45.9183 
45.9183 
45.9183 
45.9183 
45.9183 
43.6962 
43.6962 
43.6962 
43.6962 
43.6962 
43.6962 
45.3609 
45.3609 
45.3609 
45.3609 
45.3609 
45.3609 
47.4678 
47.4678 
47.4678 
47.4678 
47.4678 
47.4678 
48.5695 
48.5695 
48.5695 
48.5695 
48.5695 
48.5695 
48.8656 
48.8656 
48.8656 
48.8656 
48.8656 
48.8656 
48.9643 
48.9643 
48.9643 
48.9643 
48.9643 
48.9643 
49.1764 
49.1764 
49.1764 
49.1764 
49.1764 
49.1764 
49.9623 
49.9623 
49.9623 
49.9623 
49.9623 
49.9623 
49.9623 
52.1695 
52.1695 
52.1695 
52.1695 
52.1695 
52.1695 
43.4276 
43.4276 
43.4276 
43.4276 
43.4276 
34.5678 
34.5678 
34.5678 
34.5678 
29.8525 
29.8525 
29.8525 
29.8525 
28.9828 
28.9828 
28.9828 
28.9828 
29.3164 
29.3164 
29.3164 
29.3164 
29.1282 
29.1282 
29.1282 
29.1282 
28.7652 
28.7652 
28.7652 
28.7652 
29.9486 
29.9486 
29.9486 
29.9486 
29.9486 
32.2658 
32.2658 
32.2658 
32.2658 
32.2658 
32.0507 
32.0507 
32.0507 
32.0507 
32.0507 
32.3892 
32.3892 
32.3892 
32.3892 
29.4487 
29.4487 
29.4487 
29.4487 
29.6672 
29.6672 
29.6672 
29.6672 
29.6672 
32.7344 
32.7344 
32.7344 
32.7344 
32.7344 
33.5257 
33.5257 
33.5257 
33.5257 
33.5257 
34.0104 
34.0104 
34.0104 
34.0104 
34.0104 
34.7199 
34.7199 
34.7199 
34.7199 
34.7199 
35.1928 
35.1928 
35.1928 
35.1928 
35.1928 
34.7561 
34.7561 
34.7561 
34.7561 
34.7561 
34.1864 
34.1864 
34.1864 
34.1864 
34.1864 
33.7066 
33.7066 
33.7066 
33.7066 
33.7066 
35.3951 
35.3951 
35.3951 
35.3951 
35.3951 
37.0774 
37.0774 
37.0774 
37.0774 
37.0774 
39.2345 
39.2345 
39.2345 
39.2345 
39.2345 
39.2345 
42.777 
42.777 
42.777 
42.777 
42.777 
42.777 
43.2546 
43.2546 
43.2546 
43.2546 
43.2546 
43.2546 
44.4407 
44.4407 
44.4407 
44.4407 
44.4407 
44.4407 
43.5264 
43.5264 
43.5264 
43.5264 
43.5264 
43.5264 
45.1429 
45.1429 
45.1429 
45.1429 
45.1429 
45.1429 
45.3628 
45.3628 
45.3628 
45.3628 
45.3628 
45.3628 
44.8473 
44.8473 
44.8473 
44.8473 
44.8473 
44.8473 
45.5409 
45.5409 
45.5409 
45.5409 
45.5409 
45.5409 
45.2587 
45.2587 
45.2587 
45.2587 
45.2587 
45.2587 
45.3766 
45.3766 
45.3766 
45.3766 
45.3766 
45.3766 
45.5314 
45.5314 
45.5314 
45.5314 
45.5314 
45.5314 
44.6277 
44.6277 
44.6277 
44.6277 
44.6277 
44.6277 
43.4458 
43.4458 
43.4458 
43.4458 
43.4458 
43.4458 
45.1073 
45.1073 
45.1073 
45.1073 
45.1073 
45.1073 
46.8296 
46.8296 
46.8296 
46.8296 
46.8296 
46.8296 
48.2368 
48.2368 
48.2368 
48.2368 
48.2368 
48.2368 
49.9271 
49.9271 
49.9271 
49.9271 
49.9271 
49.9271 
49.9271 
53.9786 
53.9786 
53.9786 
53.9786 
53.9786 
53.9786 
53.9786 
54.0952 
54.0952 
54.0952 
54.0952 
54.0952 
54.0952 
54.0952 
55.7239 
55.7239 
55.7239 
55.7239 
55.7239 
55.7239 
55.7239 
55.5213 
55.5213 
55.5213 
55.5213 
55.5213 
55.5213 
55.5213 
56.5575 
56.5575 
56.5575 
56.5575 
56.5575 
56.5575 
56.5575 
57.6829 
57.6829 
57.6829 
57.6829 
57.6829 
57.6829 
57.6829 
59.4772 
59.4772 
59.4772 
59.4772 
59.4772 
59.4772 
59.4772 
59.8264 
59.8264 
59.8264 
59.8264 
59.8264 
59.8264 
59.8264 
59.8264 
62.2971 
62.2971 
62.2971 
62.2971 
62.2971 
62.2971 
62.2971 
62.2971 
61.4613 
61.4613 
61.4613 
61.4613 
61.4613 
61.4613 
61.4613 
58.7803 
58.7803 
58.7803 
58.7803 
58.7803 
58.7803 
58.7803 
56.9484 
56.9484 
56.9484 
56.9484 
56.9484 
56.9484 
56.9484 
56.6738 
56.6738 
56.6738 
56.6738 
56.6738 
56.6738 
56.6738 
53.2977 
53.2977 
53.2977 
53.2977 
53.2977 
53.2977 
53.2977 
54.0616 
54.0616 
54.0616 
54.0616 
54.0616 
54.0616 
54.0616 
54.0814 
54.0814 
54.0814 
54.0814 
54.0814 
54.0814 
54.0814 
56.6555 
56.6555 
56.6555 
56.6555 
56.6555 
56.6555 
56.6555 
53.8163 
53.8163 
53.8163 
53.8163 
53.8163 
53.8163 
49.952 
49.952 
49.952 
49.952 
49.952 
49.952 
49.952 
53.414 
53.414 
53.414 
53.414 
53.414 
53.414 
53.414 
56.3673 
56.3673 
56.3673 
56.3673 
56.3673 
56.3673 
56.3673 
56.3673 
61.015 
61.015 
61.015 
61.015 
61.015 
61.015 
61.015 
61.015 
61.523 
61.523 
61.523 
61.523 
61.523 
61.523 
61.523 
61.523 
62.3324 
62.3324 
62.3324 
62.3324 
62.3324 
62.3324 
62.3324 
62.3324 
63.9196 
63.9196 
63.9196 
63.9196 
63.9196 
63.9196 
63.9196 
63.9196 
63.6497 
63.6497 
63.6497 
63.6497 
63.6497 
63.6497 
63.6497 
63.6497 
63.9964 
63.9964 
63.9964 
63.9964 
63.9964 
63.9964 
63.9964 
57.2318 
57.2318 
57.2318 
57.2318 
57.2318 
57.2318 
57.2318 
50.9935 
50.9935 
50.9935 
50.9935 
50.9935 
39.8031 
39.8031 
39.8031 
39.8031 
39.8031 
37.6476 
37.6476 
37.6476 
37.6476 
37.6476 
35.9571 
35.9571 
35.9571 
35.9571 
35.9571 
35.5679 
35.5679 
35.5679 
35.5679 
35.5679 
34.2258 
34.2258 
34.2258 
34.2258 
34.2258 
32.3048 
32.3048 
32.3048 
32.3048 
32.3048 
32.3128 
32.3128 
32.3128 
32.3128 
32.3128 
33.4302 
33.4302 
33.4302 
33.4302 
33.4302 
34.7375 
34.7375 
34.7375 
34.7375 
34.7375 
35.0714 
35.0714 
35.0714 
35.0714 
35.0714 
34.6775 
34.6775 
34.6775 
34.6775 
34.6775 
33.2451 
33.2451 
33.2451 
33.2451 
33.2451 
32.7513 
32.7513 
32.7513 
32.7513 
32.7513 
33.1751 
33.1751 
33.1751 
33.1751 
33.1751 
32.9935 
32.9935 
32.9935 
32.9935 
32.9935 
33.4619 
33.4619 
33.4619 
33.4619 
33.4619 
33.2978 
33.2978 
33.2978 
33.2978 
33.2978 
33.4749 
33.4749 
33.4749 
33.4749 
33.4749 
33.3717 
33.3717 
33.3717 
33.3717 
33.3717 
33.9003 
33.9003 
33.9003 
33.9003 
33.9003 
35.2571 
35.2571 
35.2571 
35.2571 
35.2571 
35.8938 
35.8938 
35.8938 
35.8938 
35.8938 
36.8626 
36.8626 
36.8626 
36.8626 
36.8626 
37.6596 
37.6596 
37.6596 
37.6596 
37.6596 
38.1407 
38.1407 
38.1407 
38.1407 
38.1407 
38.7636 
38.7636 
38.7636 
38.7636 
38.7636 
38.6977 
38.6977 
38.6977 
38.6977 
38.6977 
38.1245 
38.1245 
38.1245 
38.1245 
38.1245 
38.9858 
38.9858 
38.9858 
38.9858 
38.9858 
39.7859 
39.7859 
39.7859 
39.7859 
39.7859 
39.9529 
39.9529 
39.9529 
39.9529 
39.9529 
39.9529 
42.1703 
42.1703 
42.1703 
42.1703 
42.1703 
42.1703 
43.0007 
43.0007 
43.0007 
43.0007 
43.0007 
43.0007 
42.6372 
42.6372 
42.6372 
42.6372 
42.6372 
42.6372 
43.0723 
43.0723 
43.0723 
43.0723 
43.0723 
43.0723 
42.7796 
42.7796 
42.7796 
42.7796 
42.7796 
42.7796 
44.1718 
44.1718 
44.1718 
44.1718 
44.1718 
44.1718 
46.5086 
46.5086 
46.5086 
46.5086 
46.5086 
46.5086 
47.6223 
47.6223 
47.6223 
47.6223 
47.6223 
47.6223 
49.4708 
49.4708 
49.4708 
49.4708 
49.4708 
49.4708 
49.4708 
51.9749 
51.9749 
51.9749 
51.9749 
51.9749 
51.9749 
51.9749 
53.845 
53.845 
53.845 
53.845 
53.845 
53.845 
53.845 
55.7237 
55.7237 
55.7237 
55.7237 
55.7237 
55.7237 
55.7237 
57.7808 
57.7808 
57.7808 
57.7808 
57.7808 
57.7808 
57.7808 
55.7895 
55.7895 
55.7895 
55.7895 
55.7895 
55.7895 
55.7895 
54.8652 
54.8652 
54.8652 
54.8652 
54.8652 
54.8652 
54.8652 
54.9651 
54.9651 
54.9651 
54.9651 
54.9651 
54.9651 
54.9651 
55.8412 
55.8412 
55.8412 
55.8412 
55.8412 
55.8412 
55.8412 
55.6269 
55.6269 
55.6269 
55.6269 
55.6269 
55.6269 
55.6269 
56.6932 
56.6932 
56.6932 
56.6932 
56.6932 
56.6932 
56.6932 
56.5422 
56.5422 
56.5422 
56.5422 
56.5422 
56.5422 
56.5422 
55.0093 
55.0093 
55.0093 
55.0093 
55.0093 
55.0093 
55.0093 
55.949 
55.949 
55.949 
55.949 
55.949 
55.949 
55.949 
53.0502 
53.0502 
53.0502 
53.0502 
53.0502 
53.0502 
48.5491 
48.5491 
48.5491 
48.5491 
48.5491 
48.5491 
46.4176 
46.4176 
46.4176 
46.4176 
46.4176 
46.4176 
43.088 
43.088 
43.088 
43.088 
43.088 
31.0252 
31.0252 
31.0252 
31.0252 
23.6586 
23.6586 
23.6586 
19.1049 
19.1049 
19.1049 
19.3258 
19.3258 
19.3258 
19.8262 
19.8262 
19.8262 
19.8262 
22.8252 
22.8252 
22.8252 
22.8252 
22.6498 
22.6498 
22.6498 
19.4968 
19.4968 
19.4968 
19.815 
19.815 
19.815 
19.7408 
19.7408 
19.7408 
19.6569 
19.6569 
19.6569 
19.6569 
22.6085 
22.6085 
22.6085 
22.6085 
23.1608 
23.1608 
23.1608 
23.1608 
23.3935 
23.3935 
23.3935 
23.3935 
24.0804 
24.0804 
24.0804 
24.0804 
24.8986 
24.8986 
24.8986 
24.8986 
25.8891 
25.8891 
25.8891 
25.8891 
26.5042 
26.5042 
26.5042 
26.5042 
27.1588 
27.1588 
27.1588 
27.1588 
27.5621 
27.5621 
27.5621 
27.5621 
28.6011 
28.6011 
28.6011 
28.6011 
28.6011 
32.0777 
32.0777 
32.0777 
32.0777 
32.0777 
33.4896 
33.4896 
33.4896 
33.4896 
33.4896 
34.9856 
34.9856 
34.9856 
34.9856 
34.9856 
38.6099 
38.6099 
38.6099 
38.6099 
38.6099 
39.6979 
39.6979 
39.6979 
39.6979 
25.752 
25.752 
25.752 
25.752 
26.0805 
26.0805 
26.0805 
26.0805 
26.6665 
26.6665 
26.6665 
26.6665 
27.7145 
27.7145 
27.7145 
27.7145 
28.6945 
28.6945 
28.6945 
28.6945 
28.6945 
32.1405 
32.1405 
32.1405 
32.1405 
32.1405 
32.7842 
32.7842 
32.7842 
32.7842 
32.7842 
34.2424 
34.2424 
34.2424 
34.2424 
34.2424 
34.5333 
34.5333 
34.5333 
34.5333 
34.5333 
35.671 
35.671 
35.671 
35.671 
35.671 
36.7804 
36.7804 
36.7804 
36.7804 
36.7804 
36.7287 
36.7287 
36.7287 
36.7287 
36.7287 
37.509 
37.509 
37.509 
37.509 
37.509 
38.2889 
38.2889 
38.2889 
38.2889 
38.2889 
39.0204 
39.0204 
39.0204 
39.0204 
39.0204 
39.0204 
42.4946 
42.4946 
42.4946 
42.4946 
42.4946 
42.4946 
44.2022 
44.2022 
44.2022 
44.2022 
44.2022 
44.2022 
46.8065 
46.8065 
46.8065 
46.8065 
46.8065 
46.8065 
48.6633 
48.6633 
48.6633 
48.6633 
48.6633 
48.6633 
49.0872 
49.0872 
49.0872 
49.0872 
49.0872 
49.0872 
49.8898 
49.8898 
49.8898 
49.8898 
49.8898 
49.8898 
49.8898 
54.7224 
54.7224 
54.7224 
54.7224 
54.7224 
54.7224 
54.7224 
57.3898 
57.3898 
57.3898 
57.3898 
57.3898 
57.3898 
57.3898 
57.3898 
62.81 
62.81 
62.81 
62.81 
62.81 
62.81 
62.81 
62.81 
64.6921 
64.6921 
64.6921 
64.6921 
64.6921 
64.6921 
64.6921 
64.6921 
66.7637 
66.7637 
66.7637 
66.7637 
66.7637 
66.7637 
66.7637 
66.7637 
68.6388 
68.6388 
68.6388 
68.6388 
68.6388 
68.6388 
68.6388 
68.6388 
69.8896 
69.8896 
69.8896 
69.8896 
69.8896 
69.8896 
69.8896 
69.8896 
69.8896 
71.4198 
71.4198 
71.4198 
71.4198 
71.4198 
71.4198 
71.4198 
71.4198 
71.4198 
71.3669 
71.3669 
71.3669 
71.3669 
71.3669 
71.3669 
71.3669 
71.3669 
71.3669 
71.5036 
71.5036 
71.5036 
71.5036 
71.5036 
71.5036 
71.5036 
71.5036 
71.5036 
71.1209 
71.1209 
71.1209 
71.1209 
71.1209 
71.1209 
71.1209 
71.1209 
71.1209 
71.4645 
71.4645 
71.4645 
71.4645 
71.4645 
71.4645 
71.4645 
71.4645 
71.4645 
71.8778 
71.8778 
71.8778 
71.8778 
71.8778 
71.8778 
71.8778 
71.8778 
71.8778 
71.4261 
71.4261 
71.4261 
71.4261 
71.4261 
71.4261 
71.4261 
71.4261 
71.4261 
71.1338 
71.1338 
71.1338 
71.1338 
71.1338 
71.1338 
71.1338 
71.1338 
69.8448 
69.8448 
69.8448 
69.8448 
69.8448 
69.8448 
69.8448 
69.8448 
69.966 
69.966 
69.966 
69.966 
69.966 
69.966 
69.966 
69.966 
69.8058 
69.8058 
69.8058 
69.8058 
69.8058 
69.8058 
69.8058 
69.8058 
69.8058 
71.1587 
71.1587 
71.1587 
71.1587 
71.1587 
71.1587 
71.1587 
71.1587 
69.9571 
69.9571 
69.9571 
69.9571 
