0 
0 
0 
0 
29.2722 
29.2722 
29.2722 
29.2722 
24.7434 
24.7434 
24.7434 
24.7434 
28.6176 
28.6176 
28.6176 
28.6176 
28.6176 
33.2972 
33.2972 
33.2972 
33.2972 
33.2972 
35.1302 
35.1302 
35.1302 
35.1302 
24.4175 
24.4175 
24.4175 
24.4175 
24.4087 
24.4087 
24.4087 
24.4087 
24.3079 
24.3079 
24.3079 
24.3079 
24.4125 
24.4125 
24.4125 
24.4125 
24.2266 
24.2266 
24.2266 
24.2266 
24.5774 
24.5774 
24.5774 
24.5774 
24.5774 
24.5774 
41.4045 
41.4045 
9.54767 
9.54767 
9.5701 
9.5701 
9.55434 
9.55434 
9.56928 
9.56928 
9.57312 
9.57312 
9.57046 
9.57046 
9.81888 
9.81888 
9.81888 
13.6162 
13.6162 
13.6162 
14.198 
14.198 
14.198 
14.7351 
14.7351 
14.7351 
15.433 
15.433 
15.433 
15.9825 
15.9825 
15.9825 
16.9596 
16.9596 
16.9596 
18.0435 
18.0435 
18.0435 
19.6032 
19.6032 
19.6032 
19.6032 
23.588 
23.588 
23.588 
23.588 
25.7011 
25.7011 
25.7011 
25.7011 
28.3441 
28.3441 
28.3441 
28.3441 
29.2933 
29.2933 
29.2933 
29.2933 
29.2933 
33.5893 
33.5893 
33.5893 
33.5893 
33.5893 
35.6753 
35.6753 
35.6753 
35.6753 
35.6753 
35.3846 
35.3846 
35.3846 
35.3846 
35.3846 
34.711 
34.711 
34.711 
34.711 
34.711 
35.3382 
35.3382 
35.3382 
35.3382 
35.3382 
34.694 
34.694 
34.694 
34.694 
34.694 
36.2529 
36.2529 
36.2529 
36.2529 
36.2529 
37.4601 
37.4601 
37.4601 
37.4601 
37.4601 
36.9026 
36.9026 
36.9026 
36.9026 
36.9026 
37.1449 
37.1449 
37.1449 
37.1449 
37.1449 
34.0386 
34.0386 
34.0386 
34.0386 
25.5849 
25.5849 
25.5849 
19.6247 
19.6247 
19.6247 
19.6247 
23.4806 
23.4806 
23.4806 
23.4806 
24.8007 
24.8007 
24.8007 
18.3654 
18.3654 
18.3654 
16.7711 
16.7711 
16.7711 
14.3705 
14.3705 
14.3705 
14.1068 
14.1068 
14.1068 
14.2916 
14.2916 
14.2916 
13.7847 
13.7847 
13.7847 
13.98 
13.98 
13.98 
13.9377 
13.9377 
13.9377 
14.2516 
14.2516 
14.2516 
14.4675 
14.4675 
14.4675 
14.6114 
14.6114 
14.6114 
15.055 
15.055 
15.055 
15.404 
15.404 
15.404 
15.2803 
15.2803 
15.2803 
15.0428 
15.0428 
15.0428 
15.4695 
15.4695 
15.4695 
16.3843 
16.3843 
16.3843 
16.7398 
16.7398 
16.7398 
17.0354 
17.0354 
17.0354 
17.5534 
17.5534 
17.5534 
18.151 
18.151 
18.151 
18.6683 
18.6683 
18.6683 
19.5518 
19.5518 
19.5518 
19.5518 
23.5375 
23.5375 
23.5375 
23.5375 
23.9396 
23.9396 
23.9396 
23.9396 
24.6326 
24.6326 
24.6326 
24.6326 
25.0618 
25.0618 
25.0618 
25.0618 
25.1355 
25.1355 
25.1355 
25.1355 
25.6778 
25.6778 
25.6778 
25.6778 
25.6818 
25.6818 
25.6818 
25.6818 
26.2337 
26.2337 
26.2337 
26.2337 
26.9422 
26.9422 
26.9422 
26.9422 
27.7023 
27.7023 
27.7023 
27.7023 
29.3499 
29.3499 
29.3499 
29.3499 
29.3499 
32.9197 
32.9197 
32.9197 
32.9197 
32.9197 
34.5813 
34.5813 
34.5813 
34.5813 
34.5813 
37.0199 
37.0199 
37.0199 
37.0199 
37.0199 
37.3255 
37.3255 
37.3255 
37.3255 
37.3255 
38.5783 
38.5783 
38.5783 
38.5783 
38.5783 
39.9895 
39.9895 
39.9895 
39.9895 
39.9895 
39.9895 
43.2787 
43.2787 
43.2787 
43.2787 
43.2787 
43.2787 
43.5145 
43.5145 
43.5145 
43.5145 
43.5145 
43.5145 
42.4226 
42.4226 
42.4226 
42.4226 
42.4226 
42.4226 
43.7893 
43.7893 
43.7893 
43.7893 
43.7893 
43.7893 
46.2085 
46.2085 
46.2085 
46.2085 
46.2085 
46.2085 
44.963 
44.963 
44.963 
44.963 
44.963 
44.963 
42.2919 
42.2919 
42.2919 
42.2919 
42.2919 
42.2919 
42.3011 
42.3011 
42.3011 
42.3011 
42.3011 
37.797 
37.797 
37.797 
37.797 
37.797 
34.2884 
34.2884 
34.2884 
34.2884 
34.2884 
34.3763 
34.3763 
34.3763 
34.3763 
34.3763 
33.1458 
33.1458 
33.1458 
33.1458 
33.1458 
34.7288 
34.7288 
34.7288 
34.7288 
34.7288 
37.2213 
37.2213 
37.2213 
37.2213 
37.2213 
38.0648 
38.0648 
38.0648 
38.0648 
38.0648 
38.9149 
38.9149 
38.9149 
38.9149 
38.9149 
39.8131 
39.8131 
39.8131 
39.8131 
39.8131 
39.8131 
42.623 
42.623 
42.623 
42.623 
42.623 
42.623 
42.6836 
42.6836 
42.6836 
42.6836 
42.6836 
39.8851 
39.8851 
39.8851 
39.8851 
39.8851 
38.6064 
38.6064 
38.6064 
38.6064 
38.6064 
36.1573 
36.1573 
36.1573 
36.1573 
36.1573 
31.3914 
31.3914 
31.3914 
19.8716 
19.8716 
19.8716 
14.8074 
14.8074 
9.36344 
9.36344 
8.77189 
8.77189 
8.48314 
8.48314 
8.31453 
8.31453 
8.48714 
8.48714 
8.82382 
8.82382 
9.34055 
9.34055 
9.89533 
9.89533 
9.96457 
9.96457 
9.95011 
9.95011 
9.95011 
13.5491 
13.5491 
13.5491 
13.9634 
13.9634 
13.9634 
14.3387 
14.3387 
14.3387 
14.477 
14.477 
14.477 
14.7357 
14.7357 
14.7357 
14.5589 
14.5589 
14.5589 
14.8546 
14.8546 
14.8546 
15.3317 
15.3317 
15.3317 
15.8938 
15.8938 
15.8938 
16.1836 
16.1836 
16.1836 
16.6327 
16.6327 
16.6327 
17.3316 
17.3316 
17.3316 
17.6946 
17.6946 
17.6946 
18.3495 
18.3495 
18.3495 
18.6318 
18.6318 
18.6318 
19.1839 
19.1839 
19.1839 
19.955 
19.955 
19.955 
19.955 
22.646 
22.646 
22.646 
22.646 
23.4531 
23.4531 
23.4531 
23.4531 
23.8632 
23.8632 
23.8632 
23.8632 
24.4208 
24.4208 
24.4208 
24.4208 
25.1575 
25.1575 
25.1575 
25.1575 
26.0389 
26.0389 
26.0389 
26.0389 
27.1118 
27.1118 
27.1118 
27.1118 
29.1688 
29.1688 
29.1688 
29.1688 
29.1688 
32.5009 
32.5009 
32.5009 
32.5009 
32.5009 
34.8587 
34.8587 
34.8587 
34.8587 
34.8587 
37.4005 
37.4005 
37.4005 
37.4005 
37.4005 
38.2751 
38.2751 
38.2751 
38.2751 
38.2751 
38.9868 
38.9868 
38.9868 
38.9868 
38.9868 
38.9868 
41.6305 
41.6305 
41.6305 
41.6305 
41.6305 
41.6305 
43.6539 
43.6539 
43.6539 
43.6539 
43.6539 
43.6539 
45.8193 
45.8193 
45.8193 
45.8193 
45.8193 
45.8193 
48.2267 
48.2267 
48.2267 
48.2267 
48.2267 
48.2267 
47.6273 
47.6273 
47.6273 
47.6273 
47.6273 
47.6273 
44.8249 
44.8249 
44.8249 
44.8249 
44.8249 
44.8249 
43.4742 
43.4742 
43.4742 
43.4742 
43.4742 
39.635 
39.635 
39.635 
39.635 
39.635 
37.4232 
37.4232 
37.4232 
37.4232 
37.4232 
35.9112 
35.9112 
35.9112 
35.9112 
26.326 
26.326 
26.326 
17.0498 
17.0498 
9.94368 
9.94368 
8.40457 
8.40457 
7.64485 
7.64485 
7.35658 
7.35658 
7.06148 
7.06148 
6.85636 
6.85636 
6.86712 
6.86712 
6.90909 
6.90909 
7.01661 
7.01661 
7.05079 
7.05079 
7.13467 
7.13467 
7.25358 
7.25358 
7.30668 
7.30668 
7.46511 
7.46511 
7.77491 
7.77491 
7.91834 
7.91834 
8.28528 
8.28528 
9.03237 
9.03237 
9.20039 
9.20039 
9.62307 
9.62307 
9.62307 
13.6399 
13.6399 
13.6399 
15.5855 
15.5855 
15.5855 
12.6275 
12.6275 
8.46802 
8.46802 
8.86218 
8.86218 
9.1343 
9.1343 
9.41191 
9.41191 
9.49595 
9.49595 
9.78392 
9.78392 
9.78392 
14.3046 
14.3046 
14.3046 
15.7362 
15.7362 
15.7362 
17.0635 
17.0635 
17.0635 
17.0991 
17.0991 
17.0991 
17.8444 
17.8444 
17.8444 
18.8424 
18.8424 
18.8424 
18.8424 
22.8681 
22.8681 
22.8681 
22.8681 
25.0479 
25.0479 
25.0479 
25.0479 
25.7075 
25.7075 
25.7075 
25.7075 
27.0783 
27.0783 
27.0783 
27.0783 
27.9573 
27.9573 
27.9573 
27.9573 
29.259 
29.259 
29.259 
29.259 
29.259 
34.6885 
34.6885 
34.6885 
34.6885 
34.6885 
36.8873 
36.8873 
36.8873 
36.8873 
36.8873 
39.4293 
39.4293 
39.4293 
39.4293 
39.4293 
39.4293 
43.6588 
43.6588 
43.6588 
43.6588 
43.6588 
43.6588 
46.83 
46.83 
46.83 
46.83 
46.83 
46.83 
49.8587 
49.8587 
49.8587 
49.8587 
49.8587 
49.8587 
49.8587 
54.3014 
54.3014 
54.3014 
54.3014 
54.3014 
54.3014 
54.3014 
56.4787 
56.4787 
56.4787 
56.4787 
56.4787 
56.4787 
56.4787 
56.8266 
56.8266 
56.8266 
56.8266 
56.8266 
56.8266 
56.8266 
56.8266 
63.1132 
63.1132 
63.1132 
63.1132 
63.1132 
63.1132 
63.1132 
63.1132 
66.78 
66.78 
66.78 
66.78 
66.78 
66.78 
66.78 
66.78 
66.78 
73.3889 
73.3889 
73.3889 
73.3889 
73.3889 
73.3889 
73.3889 
73.3889 
73.3889 
73.8586 
73.8586 
73.8586 
73.8586 
73.8586 
73.8586 
73.8586 
73.8586 
73.8586 
74.0348 
74.0348 
74.0348 
74.0348 
74.0348 
74.0348 
74.0348 
74.0348 
74.0348 
73.9193 
73.9193 
73.9193 
73.9193 
73.9193 
73.9193 
73.9193 
73.9193 
73.9193 
73.9523 
73.9523 
73.9523 
73.9523 
73.9523 
73.9523 
73.9523 
73.9523 
73.9523 
73.5887 
73.5887 
73.5887 
73.5887 
73.5887 
73.5887 
73.5887 
73.5887 
73.5887 
73.938 
73.938 
73.938 
73.938 
73.938 
73.938 
73.938 
73.938 
73.938 
73.7447 
73.7447 
73.7447 
73.7447 
73.7447 
73.7447 
73.7447 
73.7447 
