0 
0 
0 
16.1688 
16.1688 
16.1688 
16.3464 
16.3464 
16.3464 
16.3464 
23.2028 
23.2028 
23.2028 
23.2028 
24.9634 
24.9634 
24.9634 
24.9634 
25.5006 
25.5006 
25.5006 
25.5006 
25.6134 
25.6134 
25.6134 
25.6134 
25.6208 
25.6208 
25.6208 
25.6208 
25.6749 
25.6749 
25.6749 
25.6749 
25.6729 
25.6729 
25.6729 
25.6729 
25.6808 
25.6808 
25.6808 
25.6808 
25.6152 
25.6152 
25.6152 
25.6152 
25.6567 
25.6567 
25.6567 
25.6567 
25.6567 
25.6567 
47.6512 
47.6512 
47.6512 
16.4073 
16.4073 
16.4073 
16.5575 
16.5575 
16.5575 
16.4188 
16.4188 
16.4188 
16.5552 
16.5552 
16.5552 
16.6346 
16.6346 
16.6346 
16.9875 
16.9875 
16.9875 
17.2855 
17.2855 
17.2855 
17.8976 
17.8976 
17.8976 
17.7611 
17.7611 
17.7611 
17.7923 
17.7923 
17.7923 
18.0505 
18.0505 
18.0505 
18.1954 
18.1954 
18.1954 
18.4971 
18.4971 
18.4971 
19.096 
19.096 
19.096 
19.9603 
19.9603 
19.9603 
19.9603 
23.781 
23.781 
23.781 
23.781 
25.3808 
25.3808 
25.3808 
25.3808 
26.6717 
26.6717 
26.6717 
26.6717 
28.9343 
28.9343 
28.9343 
28.9343 
29.3577 
29.3577 
29.3577 
29.3577 
28.9585 
28.9585 
28.9585 
28.9585 
29.3902 
29.3902 
29.3902 
29.3902 
29.0182 
29.0182 
29.0182 
29.0182 
28.4018 
28.4018 
28.4018 
28.4018 
28.7211 
28.7211 
28.7211 
28.7211 
28.7211 
32.2621 
32.2621 
32.2621 
32.2621 
32.2621 
34.7146 
34.7146 
34.7146 
34.7146 
34.7146 
35.9412 
35.9412 
35.9412 
35.9412 
35.9412 
36.8046 
36.8046 
36.8046 
36.8046 
36.8046 
36.7497 
36.7497 
36.7497 
36.7497 
36.7497 
36.5972 
36.5972 
36.5972 
36.5972 
36.5972 
35.0459 
35.0459 
35.0459 
35.0459 
35.0459 
33.3202 
33.3202 
33.3202 
33.3202 
27.3938 
27.3938 
27.3938 
27.3938 
23.283 
23.283 
23.283 
17.9313 
17.9313 
17.9313 
16.2349 
16.2349 
16.2349 
15.438 
15.438 
15.438 
15.7542 
15.7542 
15.7542 
16.3903 
16.3903 
16.3903 
16.2451 
16.2451 
16.2451 
16.423 
16.423 
16.423 
16.4076 
16.4076 
16.4076 
16.4271 
16.4271 
16.4271 
16.5792 
16.5792 
16.5792 
17.2228 
17.2228 
17.2228 
17.3175 
17.3175 
17.3175 
16.9491 
16.9491 
16.9491 
17.5522 
17.5522 
17.5522 
17.6256 
17.6256 
17.6256 
17.7693 
17.7693 
17.7693 
17.6514 
17.6514 
17.6514 
17.5092 
17.5092 
17.5092 
17.1567 
17.1567 
17.1567 
17.7904 
17.7904 
17.7904 
18.4001 
18.4001 
18.4001 
18.5953 
18.5953 
18.5953 
19.0111 
19.0111 
19.0111 
19.3638 
19.3638 
19.3638 
19.871 
19.871 
19.871 
19.5997 
19.5997 
19.5997 
19.5997 
22.4899 
22.4899 
22.4899 
22.4899 
23.1554 
23.1554 
23.1554 
23.1554 
24.8442 
24.8442 
24.8442 
24.8442 
26.253 
26.253 
26.253 
26.253 
26.5565 
26.5565 
26.5565 
26.5565 
27.0703 
27.0703 
27.0703 
27.0703 
27.0741 
27.0741 
27.0741 
27.0741 
26.6141 
26.6141 
26.6141 
26.6141 
26.5524 
26.5524 
26.5524 
26.5524 
25.7734 
25.7734 
25.7734 
25.7734 
25.6918 
25.6918 
25.6918 
25.6918 
26.851 
26.851 
26.851 
26.851 
29.1893 
29.1893 
29.1893 
29.1893 
29.9872 
29.9872 
29.9872 
29.9872 
29.9872 
33.3174 
33.3174 
33.3174 
33.3174 
33.3174 
34.3481 
34.3481 
34.3481 
34.3481 
34.3481 
34.6918 
34.6918 
34.6918 
34.6918 
34.6918 
36.3721 
36.3721 
36.3721 
36.3721 
36.3721 
36.5818 
36.5818 
36.5818 
36.5818 
36.5818 
37.2977 
37.2977 
37.2977 
37.2977 
37.2977 
36.237 
36.237 
36.237 
36.237 
36.237 
35.1293 
35.1293 
35.1293 
35.1293 
35.1293 
34.6258 
34.6258 
34.6258 
34.6258 
34.6258 
34.3736 
34.3736 
34.3736 
34.3736 
34.3736 
34.7213 
34.7213 
34.7213 
34.7213 
34.7213 
34.498 
34.498 
34.498 
34.498 
34.498 
32.9986 
32.9986 
32.9986 
32.9986 
29.9195 
29.9195 
29.9195 
29.9195 
29.3265 
29.3265 
29.3265 
29.3265 
29.3265 
32.4957 
32.4957 
32.4957 
32.4957 
32.4957 
34.2602 
34.2602 
34.2602 
34.2602 
34.2602 
34.9298 
34.9298 
34.9298 
34.9298 
34.9298 
36.5558 
36.5558 
36.5558 
36.5558 
36.5558 
37.3525 
37.3525 
37.3525 
37.3525 
37.3525 
38.4974 
38.4974 
38.4974 
38.4974 
38.4974 
39.385 
39.385 
39.385 
39.385 
39.385 
38.1748 
38.1748 
38.1748 
38.1748 
38.1748 
37.0045 
37.0045 
37.0045 
37.0045 
37.0045 
33.7979 
33.7979 
33.7979 
33.7979 
29.8931 
29.8931 
29.8931 
29.8931 
27.1562 
27.1562 
27.1562 
27.1562 
23.8732 
23.8732 
23.8732 
19.3903 
19.3903 
19.3903 
17.2888 
17.2888 
17.2888 
15.606 
15.606 
15.606 
15.33 
15.33 
15.33 
14.8011 
14.8011 
14.8011 
14.8772 
14.8772 
14.8772 
15.0627 
15.0627 
15.0627 
15.8032 
15.8032 
15.8032 
15.9448 
15.9448 
15.9448 
15.997 
15.997 
15.997 
15.9993 
15.9993 
15.9993 
15.9014 
15.9014 
15.9014 
16.2429 
16.2429 
16.2429 
16.7098 
16.7098 
16.7098 
17.2619 
17.2619 
17.2619 
17.9463 
17.9463 
17.9463 
18.5409 
18.5409 
18.5409 
19.106 
19.106 
19.106 
19.3678 
19.3678 
19.3678 
19.9084 
19.9084 
19.9084 
19.8687 
19.8687 
19.8687 
19.4401 
19.4401 
19.4401 
19.4401 
22.5248 
22.5248 
22.5248 
19.9707 
19.9707 
19.9707 
19.6874 
19.6874 
19.6874 
19.4468 
19.4468 
19.4468 
19.2006 
19.2006 
19.2006 
19.16 
19.16 
19.16 
19.6484 
19.6484 
19.6484 
19.7702 
19.7702 
19.7702 
19.6954 
19.6954 
19.6954 
19.6954 
22.6495 
22.6495 
22.6495 
22.6495 
22.797 
22.797 
22.797 
22.797 
23.2478 
23.2478 
23.2478 
23.2478 
24.4799 
24.4799 
24.4799 
24.4799 
24.9539 
24.9539 
24.9539 
24.9539 
25.4738 
25.4738 
25.4738 
25.4738 
26.271 
26.271 
26.271 
26.271 
26.8961 
26.8961 
26.8961 
26.8961 
27.6226 
27.6226 
27.6226 
27.6226 
29.0784 
29.0784 
29.0784 
29.0784 
29.0784 
31.9757 
31.9757 
31.9757 
31.9757 
31.9757 
33.6173 
33.6173 
33.6173 
33.6173 
33.6173 
35.0457 
35.0457 
35.0457 
35.0457 
35.0457 
35.6526 
35.6526 
35.6526 
35.6526 
35.6526 
34.982 
34.982 
34.982 
34.982 
34.982 
33.7591 
33.7591 
33.7591 
33.7591 
33.7591 
32.9522 
32.9522 
32.9522 
32.9522 
32.9522 
32.6246 
32.6246 
32.6246 
32.6246 
32.6246 
32.3962 
32.3962 
32.3962 
32.3962 
29.7394 
29.7394 
29.7394 
29.7394 
28.5802 
28.5802 
28.5802 
28.5802 
27.8057 
27.8057 
27.8057 
27.8057 
26.1426 
26.1426 
26.1426 
26.1426 
23.7764 
23.7764 
23.7764 
19.6 
19.6 
19.6 
18.4884 
18.4884 
18.4884 
18.6846 
18.6846 
18.6846 
18.2476 
18.2476 
18.2476 
18.0982 
18.0982 
18.0982 
17.184 
17.184 
17.184 
15.9251 
15.9251 
15.9251 
16.0327 
16.0327 
16.0327 
16.6028 
16.6028 
16.6028 
16.8589 
16.8589 
16.8589 
16.7618 
16.7618 
16.7618 
16.8608 
16.8608 
16.8608 
16.634 
16.634 
16.634 
16.3196 
16.3196 
16.3196 
16.0667 
16.0667 
16.0667 
16.0119 
16.0119 
16.0119 
16.8901 
16.8901 
16.8901 
16.9987 
16.9987 
16.9987 
16.5665 
16.5665 
16.5665 
16.3761 
16.3761 
16.3761 
16.141 
16.141 
16.141 
16.0734 
16.0734 
16.0734 
16.227 
16.227 
16.227 
16.465 
16.465 
16.465 
16.6402 
16.6402 
16.6402 
16.7307 
16.7307 
16.7307 
16.7539 
16.7539 
16.7539 
17.0186 
17.0186 
17.0186 
16.9376 
16.9376 
16.9376 
16.8036 
16.8036 
16.8036 
16.9658 
16.9658 
16.9658 
17.4509 
17.4509 
17.4509 
18.1431 
18.1431 
18.1431 
18.1719 
18.1719 
18.1719 
18.3696 
18.3696 
18.3696 
19.2424 
19.2424 
19.2424 
19.1408 
19.1408 
19.1408 
19.1553 
19.1553 
19.1553 
19.3369 
19.3369 
19.3369 
19.3369 
22.7192 
22.7192 
22.7192 
22.7192 
23.1904 
23.1904 
23.1904 
23.1904 
24.1447 
24.1447 
24.1447 
24.1447 
25.0692 
25.0692 
25.0692 
25.0692 
25.4564 
25.4564 
25.4564 
25.4564 
27.455 
27.455 
27.455 
27.455 
28.53 
28.53 
28.53 
28.53 
29.5765 
29.5765 
29.5765 
29.5765 
29.5765 
33.0943 
33.0943 
33.0943 
33.0943 
33.0943 
37.5586 
37.5586 
37.5586 
37.5586 
37.5586 
37.5586 
43.7316 
43.7316 
43.7316 
43.7316 
43.7316 
43.7316 
45.596 
45.596 
45.596 
45.596 
45.596 
45.596 
46.531 
46.531 
46.531 
46.531 
46.531 
46.531 
47.4409 
47.4409 
47.4409 
47.4409 
47.4409 
47.4409 
49.1652 
49.1652 
49.1652 
49.1652 
49.1652 
49.1652 
49.1652 
53.463 
53.463 
53.463 
53.463 
53.463 
53.463 
53.463 
52.9781 
52.9781 
52.9781 
52.9781 
52.9781 
52.9781 
52.9781 
54.1275 
54.1275 
54.1275 
54.1275 
54.1275 
54.1275 
54.1275 
55.195 
55.195 
55.195 
55.195 
55.195 
55.195 
55.195 
55.1908 
55.1908 
55.1908 
55.1908 
55.1908 
55.1908 
55.1908 
55.1843 
55.1843 
55.1843 
55.1843 
55.1843 
55.1843 
55.1843 
55.5402 
