66539.6
66593.5
66688.7
66740.8
66779.1
66811.8
66844.4
66877
66909.5
66941.1
66971.1
67001.1
67031.2
67061.4
67091.4
67120.7
67149.9
67179.1
67208.4
67237.6
67267
67296.2
67325.4
67354.7
67383.9
67413.2
67442.5
67471.7
67501
67530.2
67559.5
67588.8
67617.9
67647.1
67676.3
67705.5
67734.7
67764
67793.3
67822.6
67851.8
67881.1
67910.3
67939.6
67968.8
67998
68027.3
68056.6
68085.9
68088.3
68090.9
68103.1
68144.2
68184.5
68225
68265.4
68305.7
68346
68386.7
68427.1
68467.7
68507.9
68548.3
68588.4
68628.5
68668.6
68709
68748.6
68787.9
68826.8
68865.7
68904.4
68942.4
68979.6
69017
69054.3
69091.9
69129.4
69166.8
69206.1
69241.4
69279.3
69316
69353.4
69390.1
69427.1
69463.9
69500.1
69536.3
69572.3
69608.2
69644
69678.9
69713.1
69747.4
69781
69813.3
69845.4
69877.3
69908.6
69939.4
69969.3
69999.2
70028.5
70057.7
70086.5
70115.3
70143.2
70170.3
70197.4
70223
70248.5
70274
70299.5
70324.8
70350.5
70376.1
70402
70428
70453.9
70479.8
70505.1
70530.7
70556.4
70581.9
70607.7
70633.7
70659.5
70685.4
70711.4
70737.8
70764.4
70791
70818
70844.1
70870.1
70895.5
70921
70946.6
70970.9
70995.1
71019.5
71043.6
71066.6
71089.4
71111.9
71134.5
71156.9
71179.4
71202
71223.9
71246.1
71268.5
71290.1
71311.7
71333.1
71354.8
71376.7
71398.4
71420
71441.7
71463.7
71485.5
71507
71528.7
71550.8
71573
71596
71618.6
71641.3
71664.2
71687.2
71710.7
71735
71758.9
71783.1
71807.2
71832.3
71858.9
71887
71916.8
71948
71979.8
72012.1
72045.6
72080.6
72117.8
72157.2
72198.2
72239.1
72280.4
72323.7
72366.7
72410
72453
72494.8
72537
72577.8
72618.4
72659
72699.8
72741.3
72782.2
72822.9
72863.4
72904
72944.5
72985.1
73025.9
73066.2
73106.8
73147.8
73188
73228.8
73268.5
73307.2
73345.8
73384.6
73423
73461.5
73500.2
73539.6
73579.2
73618.2
73656.6
73694.9
73732.2
73770
73807.9
73845.7
73883.6
73920.8
73958.3
73996.4
74033.9
74071.7
74109.8
74147.8
74185.9
74224.6
74263.4
74302.3
74340.2
74378
74415
74451.5
74487.7
74523.9
74560.1
74596.2
74631.4
74666.5
74701.5
74736.7
74772
74806.4
74840
74873.7
74907.2
74940.7
74974.7
75008.9
75042.8
75076.2
75109.5
75142.8
75176.1
75209.1
75241.9
75274
75305.7
75336.3
75366.9
75397
75426.5
75455.6
75484
75512.3
75540.8
75569.1
75597.3
75625.5
75653.8
75681.9
75709.9
75737.3
75764.7
75792.1
75820
75847.7
75875.6
75903.7
75931.6
75959.7
75988.2
76016.8
76044.9
76073
76101.4
76130.2
76159.2
76188.5
76217.8
76247.2
76276.3
76305.4
76334.6
76363.7
76391.5
76419.1
76446.4
76472.5
76498.2
76523.8
76549.2
76574.4
76599.5
76624.2
76649.2
76674
76698.4
76722.1
76746
76769.3
76792.8
76816.1
76839.3
76862.6
76885.8
76909.2
76932.4
76955.6
76978.7
77001.3
77023.6
77045.7
77067.6
77089.4
77111.2
77133.1
77155
77177.1
77199.1
77220.6
77242.3
77263.2
77285
77306.2
77327.9
77349.8
77371.7
77393.6
77416
77438.3
77461.1
77484
77507
77530
77552.4
77575.4
77598.1
77621
77644.2
77667.9
77692
77715.3
77738.1
77761.1
77784.3
77807.6
77831
77854.2
77876.7
77899.6
77922.7
77946.1
77968.9
77992
78015.6
78039.3
78063.1
78087.3
78111.8
78136.8
78161.2
78185.9
78211.4
78237.1
78263
78288.5
78313.9
78339.4
78364.3
78389.1
78414
78438.3
78462.6
78486
78509.4
78532.7
78556
78579.3
78602.5
78625.6
78648.4
78671.2
78694
78716.5
78738.9
78760.5
78782
78803.4
78825
78846.5
78867.8
78889.3
78910.5
78932
78952.8
78973.3
78994
79014.5
79034.9
79055.3
79075.5
79095.9
79116.1
79137.1
79157.8
79178.6
79199.7
79220.9
79242.3
79263.4
79284.8
79306.6
79329
79351.9
79375.2
79398.8
79423
79447.4
79472.1
79497.3
79522.1
79547.8
79574.2
79601.5
79629.5
79658.3
79688.2
79719
79751.1
79783.9
79817.3
79851.7
79887.1
79923.8
79962.4
80002.8
80044.8
80087.5
80131
80173.4
80216.7
80261.5
80306.8
80351.7
80396.7
80441.6
80486.4
80531.2
80575.6
80619.9
80664
80706.8
80748.5
80790.6
80832.9
80874.3
80916.1
80958.1
80999.4
81041.2
81082.8
81124.4
81166.3
81208.2
81250.4
81292.1
81333.1
81374.2
81415.3
81455.7
81495.3
81535.1
81574
81612.9
81651
81688.7
81725.4
81762.5
81799.4
81834.9
81870.4
81905.9
81940.6
81975.2
82009.6
82043.9
82078.5
82112.3
82145.5
82178.9
82212.4
82245.9
82279.7
82313.7
82347.8
82382.4
82415.5
82448.6
82481.8
82515.7
82549.1
82582.5
82615.9
82649.8
82683.6
82717.5
82751.8
82786
82820.4
82855.3
82889.9
82924.7
82959.6
82994
83029
83063.1
83097.4
83130.9
83164.7
83198.3
83232
83265.8
83299.6
83333.6
83366.6
83399.7
83432.9
83466.1
83498.8
83531.8
83564.6
83597.6
83629.8
83662.1
83694.1
83726.3
83757
83787.7
83818.4
83849.2
83879.4
83909.5
83939.5
83969.6
83999.1
84028.5
84057.9
84087.4
84116.1
84144.6
84173.3
84201.6
84230
84258.2
84285.8
84313.1
84340.5
84367.8
84395
84421.8
84447.9
84474
84500.1
84525
84550.3
84575.4
84599.8
84625.1
84650.2
84674
84697.9
84722.1
84745.5
84769.2
84792.5
84815.4
84838.5
84860.9
84883.4
84905.9
84928.2
84950.5
84973.1
84995.6
85018.3
85041
85063.8
85086.6
85109.9
85133.6
85157.4
85181
85204.7
85228.6
85252.5
85276.7
85301
85325.3
85350
85374.9
85399.7
85423.8
85448.1
85472.6
85497
85521.5
85546.3
85571.1
85596.1
85621.1
85646.5
85671.6
85697
85723
85749.5
85775.6
85802.1
85828.9
85856.1
85882.9
85909.9
85937.5
85965.6
85994.7
86024.7
86055
86086.1
86118
86150.9
86184.3
86218
86253
86289.2
86325
86361.2
86396.8
86432.6
86468.3
86504.4
86540.6
86577.9
86614.9
86651.9
86688.5
86725.2
86763.4
86804.9
86846.8
86888.3
86930.4
86972.3
87014.3
87055.4
87095.9
87136.3
87175.9
87215.8
87255.1
87294.6
87334.3
87374
87414
87453.5
87493
87532.5
87572.6
87612.7
87652.9
87693.5
87734.3
87775.5
87816.8
87858.6
87900.1
87941.4
87983.1
88025
88064.7
88104.2
88143.5
88182.2
88221.4
88261.3
88301.2
88341.2
88382
88422.7
88463
88504.1
88545.3
88586.6
88628.1
88669.6
88711.2
88752.6
88793.5
88834.4
88875.8
88916.9
88957.3
88997.4
89037.3
89077.1
89117.7
89157.5
89197.3
89237.2
89277.7
89317.5
89356.6
89396
89435
89474.2
89513.5
89552.7
89592.2
89631.9
89671.7
89711.5
89751.2
89790.3
89829.5
89868.3
89906.3
89944.1
89981.1
90017.5
90054.4
90091.2
90127.7
90164.4
90201.4
90238.1
90273.4
90308.6
90342.9
90377.3
90412.5
90447.2
90481.9
90516.6
90551.5
90586.3
90621
90655.4
90689.8
90724
90757
90789.4
90821.9
90854.2
90886.4
90918.6
90951.3
90983.4
91014.2
91044.9
91075.5
91105.7
91135.5
91165.4
91195.3
91225
91254.3
91283.8
91313.1
91340.8
91368.3
91395.7
91422.4
91449
91475.3
91501.6
91527.6
91553.7
91579.5
91604.3
91629.1
91653.8
91678.3
91702.7
91726.8
91750
91771.8
91793.3
91814.7
91836
91856.4
91876.1
91895.4
91914.8
91933.6
91952.3
91970.9
91989.6
92008.1
92026.4
92044.6
92062.6
92080.7
92098.5
92116.5
92134.5
92152.4
92170.3
92188.2
92206.1
92224
92241.2
92258.4
92275.6
92293.7
92310.9
92328.3
92345.3
92362.3
92378.7
92395.4
92412.3
92428.5
92444.2
92459.9
92475.7
92491.6
92507.6
92523.6
92539.7
92555.9
92572
92588.3
92604.6
92620.9
92637.4
92653.4
92669.3
92685
92700.4
92716.2
92731.8
92747.5
92763.1
92778.6
92794.1
92809.6
92825
92840.6
92856.3
92871.4
92887
92902.5
92918.3
92933.8
92949.4
92965
92980.5
92996
93011.4
93027.1
93042.7
93058.2
93073.8
93088.9
93104.4
93119.5
93135
93150.6
93166.2
93181.4
