0 
0 
0 
21.059 
21.059 
21.059 
21.059 
25.3305 
25.3305 
25.3305 
25.3305 
25.7206 
25.7206 
25.7206 
25.7206 
25.6402 
25.6402 
25.6402 
25.6402 
25.7208 
25.7208 
25.7208 
25.7208 
25.6352 
25.6352 
25.6352 
25.6352 
25.6268 
25.6268 
25.6268 
25.6268 
25.9257 
25.9257 
25.9257 
25.9257 
26.3038 
26.3038 
26.3038 
26.3038 
26.3072 
26.3072 
26.3072 
26.3072 
26.7547 
26.7547 
26.7547 
26.7547 
26.9934 
26.9934 
26.9934 
26.9934 
27.5388 
27.5388 
27.5388 
27.5388 
28.4098 
28.4098 
28.4098 
28.4098 
29.4464 
29.4464 
29.4464 
29.4464 
29.4464 
32.7845 
32.7845 
32.7845 
32.7845 
32.7845 
33.4986 
33.4986 
33.4986 
33.4986 
33.4986 
33.5901 
33.5901 
33.5901 
33.5901 
33.5901 
33.1074 
33.1074 
33.1074 
33.1074 
33.1074 
33.487 
33.487 
33.487 
33.487 
33.487 
33.8104 
33.8104 
33.8104 
33.8104 
33.8104 
33.6756 
33.6756 
33.6756 
33.6756 
33.6756 
33.0371 
33.0371 
33.0371 
33.0371 
33.0371 
33.2717 
33.2717 
33.2717 
33.2717 
33.2717 
33.0834 
33.0834 
33.0834 
33.0834 
33.0834 
33.6151 
33.6151 
33.6151 
33.6151 
33.6151 
33.7611 
33.7611 
33.7611 
33.7611 
33.7611 
32.8188 
32.8188 
32.8188 
32.8188 
32.8188 
32.2039 
32.2039 
32.2039 
32.2039 
32.2039 
32.2142 
32.2142 
32.2142 
32.2142 
32.2142 
33.736 
33.736 
33.736 
33.736 
33.736 
35.7365 
35.7365 
35.7365 
35.7365 
35.7365 
36.109 
36.109 
36.109 
36.109 
36.109 
35.8685 
35.8685 
35.8685 
35.8685 
35.8685 
33.9078 
33.9078 
33.9078 
33.9078 
29.6586 
29.6586 
29.6586 
29.6586 
29.8085 
29.8085 
29.8085 
29.8085 
29.8085 
32.4067 
32.4067 
32.4067 
32.4067 
32.4067 
32.9816 
32.9816 
32.9816 
32.9816 
32.9816 
33.1239 
33.1239 
33.1239 
33.1239 
33.1239 
32.8272 
32.8272 
32.8272 
32.8272 
32.8272 
32.3539 
32.3539 
32.3539 
32.3539 
29.8081 
29.8081 
29.8081 
29.8081 
29.4522 
29.4522 
29.4522 
29.4522 
29.5696 
29.5696 
29.5696 
29.5696 
29.5696 
32.036 
32.036 
32.036 
32.036 
32.036 
32.6225 
32.6225 
32.6225 
32.6225 
32.6225 
32.7093 
32.7093 
32.7093 
32.7093 
32.7093 
32.3364 
32.3364 
32.3364 
32.3364 
29.6782 
29.6782 
29.6782 
29.6782 
28.9151 
28.9151 
28.9151 
28.9151 
28.5576 
28.5576 
28.5576 
28.5576 
28.7981 
28.7981 
28.7981 
28.7981 
28.9548 
28.9548 
28.9548 
28.9548 
29.4138 
29.4138 
29.4138 
29.4138 
29.4558 
29.4558 
29.4558 
29.4558 
29.771 
29.771 
29.771 
29.771 
29.8198 
29.8198 
29.8198 
29.8198 
29.6217 
29.6217 
29.6217 
29.6217 
29.3097 
29.3097 
29.3097 
29.3097 
29.7552 
29.7552 
29.7552 
29.7552 
29.7552 
32.4868 
32.4868 
32.4868 
32.4868 
32.4868 
33.2266 
33.2266 
33.2266 
33.2266 
33.2266 
33.6084 
33.6084 
33.6084 
33.6084 
33.6084 
33.8775 
33.8775 
33.8775 
33.8775 
33.8775 
33.9217 
33.9217 
33.9217 
33.9217 
33.9217 
33.2859 
33.2859 
33.2859 
33.2859 
33.2859 
32.6705 
32.6705 
32.6705 
32.6705 
32.6705 
32.9085 
32.9085 
32.9085 
32.9085 
32.9085 
33.3739 
33.3739 
33.3739 
33.3739 
33.3739 
34.0616 
34.0616 
34.0616 
34.0616 
34.0616 
35.8782 
35.8782 
35.8782 
35.8782 
35.8782 
36.7784 
36.7784 
36.7784 
36.7784 
36.7784 
37.0977 
37.0977 
37.0977 
37.0977 
37.0977 
37.4907 
37.4907 
37.4907 
37.4907 
37.4907 
37.5935 
37.5935 
37.5935 
37.5935 
37.5935 
38.43 
38.43 
38.43 
38.43 
38.43 
39.1534 
39.1534 
39.1534 
39.1534 
39.1534 
39.9681 
39.9681 
39.9681 
39.9681 
39.9681 
39.9681 
42.8244 
42.8244 
42.8244 
42.8244 
42.8244 
42.8244 
42.7313 
42.7313 
42.7313 
42.7313 
42.7313 
42.7313 
43.529 
43.529 
43.529 
43.529 
43.529 
43.529 
44.4046 
44.4046 
44.4046 
44.4046 
44.4046 
44.4046 
45.6811 
45.6811 
45.6811 
45.6811 
45.6811 
45.6811 
46.1405 
46.1405 
46.1405 
46.1405 
46.1405 
46.1405 
44.2953 
44.2953 
44.2953 
44.2953 
44.2953 
44.2953 
45.1347 
45.1347 
45.1347 
45.1347 
45.1347 
45.1347 
44.9781 
44.9781 
44.9781 
44.9781 
44.9781 
44.9781 
41.2727 
41.2727 
41.2727 
41.2727 
41.2727 
36.7563 
36.7563 
36.7563 
36.7563 
36.7563 
36.3414 
36.3414 
36.3414 
36.3414 
36.3414 
37.3284 
37.3284 
37.3284 
37.3284 
37.3284 
38.5148 
38.5148 
38.5148 
38.5148 
38.5148 
38.772 
38.772 
38.772 
38.772 
38.772 
38.2955 
38.2955 
38.2955 
38.2955 
38.2955 
38.4617 
38.4617 
38.4617 
38.4617 
38.4617 
38.2294 
38.2294 
38.2294 
38.2294 
38.2294 
37.679 
37.679 
37.679 
37.679 
37.679 
36.2618 
36.2618 
36.2618 
36.2618 
36.2618 
35.5888 
35.5888 
35.5888 
35.5888 
35.5888 
35.1124 
35.1124 
35.1124 
35.1124 
35.1124 
34.4541 
34.4541 
34.4541 
34.4541 
34.4541 
32.5524 
32.5524 
32.5524 
32.5524 
29.1439 
29.1439 
29.1439 
29.1439 
27.6657 
27.6657 
27.6657 
27.6657 
25.7662 
25.7662 
25.7662 
25.7662 
25.4801 
25.4801 
25.4801 
25.4801 
25.9795 
25.9795 
25.9795 
25.9795 
27.0661 
27.0661 
27.0661 
27.0661 
28.0161 
28.0161 
28.0161 
28.0161 
28.7896 
28.7896 
28.7896 
28.7896 
28.7063 
28.7063 
28.7063 
28.7063 
28.7718 
28.7718 
28.7718 
28.7718 
29.2077 
29.2077 
29.2077 
29.2077 
29.1391 
29.1391 
29.1391 
29.1391 
29.2763 
29.2763 
29.2763 
29.2763 
29.4927 
29.4927 
29.4927 
29.4927 
29.4927 
32.0671 
32.0671 
32.0671 
32.0671 
32.0671 
32.3361 
32.3361 
32.3361 
32.3361 
32.3361 
33.3892 
33.3892 
33.3892 
33.3892 
33.3892 
34.3136 
34.3136 
34.3136 
34.3136 
34.3136 
35.2747 
35.2747 
35.2747 
35.2747 
35.2747 
35.3754 
35.3754 
35.3754 
35.3754 
35.3754 
34.9342 
34.9342 
34.9342 
34.9342 
34.9342 
34.677 
34.677 
34.677 
34.677 
34.677 
34.1419 
34.1419 
34.1419 
34.1419 
34.1419 
34.1376 
34.1376 
34.1376 
34.1376 
34.1376 
33.6786 
33.6786 
33.6786 
33.6786 
33.6786 
32.8737 
32.8737 
32.8737 
32.8737 
32.8737 
32.5441 
32.5441 
32.5441 
32.5441 
32.5441 
32.408 
32.408 
32.408 
32.408 
32.408 
32.6568 
32.6568 
32.6568 
32.6568 
32.6568 
32.8721 
32.8721 
32.8721 
32.8721 
32.8721 
33.2245 
33.2245 
33.2245 
33.2245 
33.2245 
33.1786 
33.1786 
33.1786 
33.1786 
33.1786 
32.9879 
32.9879 
32.9879 
32.9879 
32.9879 
33.6592 
33.6592 
33.6592 
33.6592 
33.6592 
34.6303 
34.6303 
34.6303 
34.6303 
34.6303 
35.3482 
35.3482 
35.3482 
35.3482 
35.3482 
36.4895 
36.4895 
36.4895 
36.4895 
36.4895 
37.5324 
37.5324 
37.5324 
37.5324 
37.5324 
38.2565 
38.2565 
38.2565 
38.2565 
38.2565 
38.643 
38.643 
38.643 
38.643 
38.643 
39.1216 
39.1216 
39.1216 
39.1216 
39.1216 
37.7981 
37.7981 
37.7981 
37.7981 
37.7981 
36.9211 
36.9211 
36.9211 
36.9211 
36.9211 
37.2262 
37.2262 
37.2262 
37.2262 
37.2262 
37.2919 
37.2919 
37.2919 
37.2919 
37.2919 
36.5286 
36.5286 
36.5286 
36.5286 
36.5286 
36.0753 
36.0753 
36.0753 
36.0753 
36.0753 
35.8129 
35.8129 
35.8129 
35.8129 
35.8129 
35.6949 
35.6949 
35.6949 
35.6949 
35.6949 
36.2544 
36.2544 
36.2544 
36.2544 
36.2544 
36.6448 
36.6448 
36.6448 
36.6448 
36.6448 
36.2703 
36.2703 
36.2703 
36.2703 
36.2703 
35.694 
35.694 
35.694 
35.694 
35.694 
34.5136 
34.5136 
34.5136 
34.5136 
34.5136 
32.0284 
32.0284 
32.0284 
32.0284 
29.5792 
29.5792 
29.5792 
29.5792 
29.9053 
29.9053 
29.9053 
29.9053 
29.4177 
29.4177 
29.4177 
29.4177 
28.7735 
28.7735 
28.7735 
28.7735 
28.2277 
28.2277 
28.2277 
28.2277 
27.0346 
27.0346 
27.0346 
27.0346 
25.916 
25.916 
25.916 
25.916 
26.0641 
26.0641 
26.0641 
26.0641 
26.4153 
26.4153 
26.4153 
26.4153 
26.4422 
26.4422 
26.4422 
26.4422 
26.4762 
26.4762 
26.4762 
26.4762 
26.2111 
26.2111 
26.2111 
26.2111 
25.7902 
25.7902 
25.7902 
25.7902 
25.6074 
25.6074 
25.6074 
25.6074 
25.9866 
25.9866 
25.9866 
25.9866 
26.5227 
26.5227 
26.5227 
26.5227 
26.7253 
26.7253 
26.7253 
26.7253 
26.7579 
26.7579 
26.7579 
26.7579 
26.3609 
26.3609 
26.3609 
26.3609 
26.3716 
26.3716 
26.3716 
26.3716 
26.5998 
26.5998 
26.5998 
26.5998 
26.9569 
26.9569 
26.9569 
26.9569 
27.4355 
27.4355 
27.4355 
27.4355 
27.9092 
27.9092 
27.9092 
27.9092 
28.2571 
28.2571 
28.2571 
28.2571 
28.9842 
28.9842 
28.9842 
28.9842 
28.9842 
32.9391 
32.9391 
32.9391 
32.9391 
26.3866 
26.3866 
26.3866 
26.3866 
25.6405 
25.6405 
25.6405 
25.6405 
25.6535 
25.6535 
25.6535 
25.6535 
26.0253 
26.0253 
26.0253 
26.0253 
26.4896 
26.4896 
26.4896 
26.4896 
26.9228 
26.9228 
26.9228 
26.9228 
27.234 
27.234 
27.234 
27.234 
27.27 
27.27 
27.27 
27.27 
27.4314 
27.4314 
27.4314 
27.4314 
27.6421 
27.6421 
27.6421 
27.6421 
27.7728 
27.7728 
27.7728 
27.7728 
27.7947 
27.7947 
27.7947 
27.7947 
28.3354 
28.3354 
28.3354 
28.3354 
29.0609 
29.0609 
29.0609 
29.0609 
29.6127 
29.6127 
29.6127 
29.6127 
29.9658 
29.9658 
29.9658 
29.9658 
29.9658 
32.6603 
32.6603 
32.6603 
32.6603 
32.6603 
33.7151 
33.7151 
33.7151 
33.7151 
33.7151 
34.1503 
34.1503 
34.1503 
34.1503 
34.1503 
35.2331 
35.2331 
35.2331 
35.2331 
35.2331 
36.5927 
36.5927 
36.5927 
36.5927 
36.5927 
38.9549 
38.9549 
38.9549 
38.9549 
38.9549 
38.9549 
43.7289 
43.7289 
43.7289 
43.7289 
43.7289 
43.7289 
47.1875 
47.1875 
47.1875 
47.1875 
47.1875 
47.1875 
47.139 
47.139 
47.139 
47.139 
47.139 
47.139 
49.2404 
49.2404 
49.2404 
49.2404 
49.2404 
49.2404 
49.2404 
52.1734 
52.1734 
52.1734 
52.1734 
52.1734 
52.1734 
52.1734 
52.1234 
52.1234 
52.1234 
52.1234 
52.1234 
52.1234 
49.6688 
49.6688 
49.6688 
49.6688 
49.6688 
49.6688 
49.0201 
49.0201 
49.0201 
49.0201 
49.0201 
49.0201 
47.3903 
47.3903 
47.3903 
47.3903 
47.3903 
47.3903 
45.8271 
45.8271 
45.8271 
45.8271 
45.8271 
45.8271 
45.9819 
45.9819 
45.9819 
45.9819 
45.9819 
45.9819 
46.2266 
46.2266 
46.2266 
46.2266 
46.2266 
46.2266 
45.9255 
45.9255 
45.9255 
45.9255 
45.9255 
45.9255 
45.9629 
45.9629 
45.9629 
45.9629 
45.9629 
45.9629 
46.0759 
46.0759 
46.0759 
46.0759 
46.0759 
46.0759 
46.2518 
46.2518 
46.2518 
46.2518 
46.2518 
46.2518 
46.0538 
46.0538 
46.0538 
46.0538 
46.0538 
46.0538 
45.7852 
45.7852 
45.7852 
45.7852 
45.7852 
