1.75269e+006
1.75272e+006
1.75281e+006
1.75284e+006
1.75287e+006
1.7529e+006
1.75292e+006
1.75295e+006
1.75298e+006
1.75301e+006
1.75304e+006
1.75307e+006
1.7531e+006
1.75313e+006
1.75316e+006
1.75319e+006
1.75322e+006
1.75325e+006
1.75328e+006
1.7533e+006
1.75333e+006
1.75336e+006
1.75339e+006
1.75342e+006
1.75345e+006
1.75348e+006
1.75351e+006
1.75354e+006
1.75357e+006
1.7536e+006
1.75363e+006
1.75365e+006
1.75368e+006
1.75371e+006
1.75374e+006
1.75377e+006
1.7538e+006
1.75382e+006
1.75385e+006
1.75388e+006
1.75391e+006
1.75394e+006
1.75397e+006
1.75399e+006
1.75402e+006
1.75405e+006
1.75408e+006
1.7541e+006
1.75413e+006
1.75416e+006
1.75419e+006
1.75421e+006
1.75424e+006
1.75427e+006
1.75429e+006
1.75432e+006
1.75434e+006
1.75437e+006
1.75439e+006
1.75442e+006
1.75444e+006
1.75447e+006
1.75449e+006
1.75452e+006
1.75454e+006
1.75456e+006
1.75459e+006
1.75461e+006
1.75463e+006
1.75466e+006
1.75468e+006
1.75471e+006
1.75473e+006
1.75475e+006
1.75478e+006
1.7548e+006
1.75483e+006
1.75485e+006
1.75487e+006
1.7549e+006
1.75492e+006
1.75495e+006
1.75497e+006
1.75499e+006
1.75502e+006
1.75504e+006
1.75507e+006
1.75509e+006
1.75511e+006
1.75514e+006
1.75516e+006
1.75518e+006
1.75521e+006
1.75523e+006
1.75526e+006
1.75528e+006
1.7553e+006
1.75533e+006
1.75535e+006
1.75538e+006
1.7554e+006
1.75542e+006
1.75545e+006
1.75547e+006
1.7555e+006
1.75552e+006
1.75555e+006
1.75557e+006
1.75559e+006
1.75562e+006
1.75564e+006
1.75567e+006
1.75569e+006
1.75571e+006
1.75574e+006
1.75576e+006
1.75578e+006
1.75581e+006
1.75583e+006
1.75586e+006
1.75588e+006
1.7559e+006
1.75593e+006
1.75595e+006
1.75598e+006
1.756e+006
1.75603e+006
1.75605e+006
1.75608e+006
1.7561e+006
1.75613e+006
1.75615e+006
1.75618e+006
1.7562e+006
1.75623e+006
1.75625e+006
1.75627e+006
1.7563e+006
1.75632e+006
1.75634e+006
1.75637e+006
1.75639e+006
1.75641e+006
1.75643e+006
1.75645e+006
1.75648e+006
1.7565e+006
1.75652e+006
1.75654e+006
1.75657e+006
1.75659e+006
1.75661e+006
1.75663e+006
1.75665e+006
1.75668e+006
1.7567e+006
1.75672e+006
1.75675e+006
1.75677e+006
1.7568e+006
1.75682e+006
1.75685e+006
1.75687e+006
1.7569e+006
1.75692e+006
1.75695e+006
1.75697e+006
1.757e+006
1.75702e+006
1.75705e+006
1.75707e+006
1.7571e+006
1.75712e+006
1.75715e+006
1.75717e+006
1.7572e+006
1.75722e+006
1.75724e+006
1.75727e+006
1.75729e+006
1.75732e+006
1.75734e+006
1.75736e+006
1.75739e+006
1.75741e+006
1.75744e+006
1.75746e+006
1.75749e+006
1.75751e+006
1.75754e+006
1.75756e+006
1.75759e+006
1.75761e+006
1.75764e+006
1.75766e+006
1.75769e+006
1.75771e+006
1.75774e+006
1.75776e+006
1.75779e+006
1.75781e+006
1.75784e+006
1.75786e+006
1.75789e+006
1.75791e+006
1.75794e+006
1.75796e+006
1.75799e+006
1.75801e+006
1.75804e+006
1.75806e+006
1.75809e+006
1.75811e+006
1.75814e+006
1.75816e+006
1.75819e+006
1.75821e+006
1.75823e+006
1.75826e+006
1.75828e+006
1.75831e+006
1.75833e+006
1.75836e+006
1.75838e+006
1.75841e+006
1.75843e+006
1.75846e+006
1.75848e+006
1.75851e+006
1.75854e+006
1.75856e+006
1.75859e+006
1.75861e+006
1.75864e+006
1.75867e+006
1.75869e+006
1.75872e+006
1.75875e+006
1.75877e+006
1.7588e+006
1.75882e+006
1.75885e+006
1.75888e+006
1.7589e+006
1.75893e+006
1.75895e+006
1.75898e+006
1.759e+006
1.75903e+006
1.75905e+006
1.75908e+006
1.7591e+006
1.75913e+006
1.75916e+006
1.75918e+006
1.75921e+006
1.75923e+006
1.75926e+006
1.75928e+006
1.75931e+006
1.75933e+006
1.75936e+006
1.75938e+006
1.75941e+006
1.75943e+006
1.75946e+006
1.75948e+006
1.75951e+006
1.75954e+006
1.75956e+006
1.75959e+006
1.75961e+006
1.75964e+006
1.75966e+006
1.75968e+006
1.75971e+006
1.75973e+006
1.75976e+006
1.75978e+006
1.75981e+006
1.75983e+006
1.75985e+006
1.75988e+006
1.7599e+006
1.75993e+006
1.75995e+006
1.75997e+006
1.76e+006
1.76002e+006
1.76004e+006
1.76007e+006
1.76009e+006
1.76012e+006
1.76014e+006
1.76016e+006
1.76019e+006
1.76021e+006
1.76023e+006
1.76026e+006
1.76028e+006
1.76031e+006
1.76033e+006
1.76035e+006
1.76038e+006
1.7604e+006
1.76043e+006
1.76045e+006
1.76048e+006
1.7605e+006
1.76053e+006
1.76055e+006
1.76057e+006
1.7606e+006
1.76062e+006
1.76065e+006
1.76067e+006
1.76069e+006
1.76072e+006
1.76074e+006
1.76076e+006
1.76079e+006
1.76081e+006
1.76083e+006
1.76086e+006
1.76088e+006
1.7609e+006
1.76092e+006
1.76094e+006
1.76097e+006
1.76099e+006
1.76101e+006
1.76103e+006
1.76105e+006
1.76107e+006
1.7611e+006
1.76112e+006
1.76114e+006
1.76116e+006
1.76118e+006
1.7612e+006
1.76122e+006
1.76125e+006
1.76127e+006
1.76129e+006
1.76131e+006
1.76133e+006
1.76135e+006
1.76137e+006
1.76139e+006
1.76142e+006
1.76144e+006
1.76146e+006
1.76148e+006
1.7615e+006
1.76152e+006
1.76154e+006
1.76156e+006
1.76158e+006
1.7616e+006
1.76162e+006
1.76164e+006
1.76166e+006
1.76168e+006
1.7617e+006
1.76172e+006
1.76174e+006
1.76176e+006
1.76178e+006
1.7618e+006
1.76181e+006
1.76183e+006
1.76185e+006
1.76187e+006
1.76189e+006
1.76191e+006
1.76193e+006
1.76195e+006
1.76197e+006
1.76199e+006
1.76201e+006
1.76203e+006
1.76205e+006
1.76206e+006
1.76208e+006
1.7621e+006
1.76212e+006
1.76214e+006
1.76216e+006
1.76218e+006
1.76219e+006
1.76221e+006
1.76223e+006
1.76225e+006
1.76227e+006
1.76228e+006
1.7623e+006
1.76232e+006
1.76234e+006
1.76236e+006
1.76238e+006
1.76239e+006
1.76241e+006
1.76243e+006
1.76245e+006
1.76247e+006
1.76249e+006
1.76251e+006
1.76253e+006
1.76254e+006
1.76256e+006
1.76258e+006
1.7626e+006
1.76262e+006
1.76264e+006
1.76265e+006
1.76267e+006
1.76269e+006
1.76271e+006
1.76273e+006
1.76275e+006
1.76277e+006
1.76279e+006
1.76282e+006
1.76284e+006
1.76286e+006
1.76288e+006
1.7629e+006
1.76293e+006
1.76295e+006
1.76297e+006
1.76299e+006
1.76301e+006
1.76304e+006
1.76306e+006
1.76308e+006
1.7631e+006
1.76312e+006
1.76314e+006
1.76316e+006
1.76318e+006
1.7632e+006
1.76322e+006
1.76324e+006
1.76327e+006
1.76329e+006
1.76331e+006
1.76333e+006
1.76335e+006
1.76337e+006
1.76339e+006
1.76341e+006
1.76343e+006
1.76345e+006
1.76347e+006
1.76349e+006
1.76352e+006
1.76354e+006
1.76356e+006
1.76358e+006
1.7636e+006
1.76362e+006
1.76364e+006
1.76366e+006
1.76368e+006
1.7637e+006
1.76373e+006
1.76375e+006
1.76377e+006
1.76379e+006
1.76381e+006
1.76383e+006
1.76386e+006
1.76388e+006
1.7639e+006
1.76392e+006
1.76395e+006
1.76397e+006
1.76399e+006
1.76401e+006
1.76404e+006
1.76406e+006
1.76408e+006
1.76411e+006
1.76413e+006
1.76415e+006
1.76418e+006
1.7642e+006
1.76422e+006
1.76425e+006
1.76427e+006
1.7643e+006
1.76432e+006
1.76435e+006
1.76437e+006
1.7644e+006
1.76443e+006
1.76445e+006
1.76448e+006
1.76451e+006
1.76453e+006
1.76456e+006
1.76459e+006
1.76462e+006
1.76465e+006
1.76468e+006
1.76471e+006
1.76474e+006
1.76477e+006
1.7648e+006
1.76483e+006
1.76486e+006
1.76488e+006
1.76491e+006
1.76494e+006
1.76497e+006
1.76499e+006
1.76502e+006
1.76505e+006
1.76508e+006
1.7651e+006
1.76513e+006
1.76515e+006
1.76518e+006
1.76521e+006
1.76523e+006
1.76526e+006
1.76528e+006
1.76531e+006
1.76534e+006
1.76536e+006
1.76539e+006
1.76541e+006
1.76544e+006
1.76547e+006
1.76549e+006
1.76552e+006
1.76554e+006
1.76557e+006
1.76559e+006
1.76562e+006
1.76565e+006
1.76567e+006
1.7657e+006
1.76572e+006
1.76575e+006
1.76577e+006
1.7658e+006
1.76582e+006
1.76585e+006
1.76588e+006
1.7659e+006
1.76592e+006
1.76595e+006
1.76597e+006
1.766e+006
1.76602e+006
1.76605e+006
1.76607e+006
1.7661e+006
1.76612e+006
1.76615e+006
1.76617e+006
1.76619e+006
1.76622e+006
1.76624e+006
1.76626e+006
1.76629e+006
1.76631e+006
1.76633e+006
1.76636e+006
1.76638e+006
1.7664e+006
1.76642e+006
1.76645e+006
1.76647e+006
1.76649e+006
1.76651e+006
1.76654e+006
1.76656e+006
1.76658e+006
1.76661e+006
1.76663e+006
1.76665e+006
1.76667e+006
1.7667e+006
1.76672e+006
1.76674e+006
1.76677e+006
1.76679e+006
1.76681e+006
1.76684e+006
1.76686e+006
1.76688e+006
1.76691e+006
1.76693e+006
1.76695e+006
1.76698e+006
1.767e+006
1.76702e+006
1.76705e+006
1.76707e+006
1.7671e+006
1.76712e+006
1.76714e+006
1.76717e+006
1.76719e+006
1.76722e+006
1.76724e+006
1.76727e+006
1.76729e+006
1.76731e+006
1.76734e+006
1.76736e+006
1.76739e+006
1.76741e+006
1.76744e+006
1.76746e+006
1.76749e+006
1.76751e+006
1.76754e+006
1.76756e+006
1.76759e+006
1.76761e+006
1.76763e+006
1.76766e+006
1.76768e+006
1.76771e+006
1.76773e+006
1.76776e+006
1.76778e+006
1.7678e+006
1.76783e+006
1.76785e+006
1.76788e+006
1.7679e+006
1.76792e+006
1.76795e+006
1.76797e+006
1.768e+006
1.76802e+006
1.76805e+006
1.76807e+006
1.76809e+006
1.76812e+006
1.76814e+006
1.76817e+006
1.76819e+006
1.76821e+006
1.76824e+006
1.76826e+006
1.76828e+006
1.76831e+006
1.76833e+006
1.76835e+006
1.76837e+006
1.7684e+006
1.76842e+006
1.76844e+006
1.76846e+006
1.76849e+006
1.76851e+006
1.76853e+006
1.76855e+006
1.76857e+006
1.76859e+006
1.76862e+006
1.76864e+006
1.76866e+006
1.76868e+006
1.7687e+006
1.76872e+006
1.76874e+006
1.76876e+006
1.76878e+006
1.7688e+006
1.76883e+006
1.76885e+006
1.76887e+006
1.76889e+006
1.76891e+006
1.76893e+006
1.76895e+006
1.76897e+006
1.76899e+006
1.76901e+006
1.76903e+006
1.76905e+006
1.76907e+006
1.7691e+006
1.76912e+006
1.76914e+006
1.76916e+006
1.76918e+006
1.7692e+006
1.76923e+006
1.76925e+006
1.76927e+006
1.76929e+006
1.76931e+006
1.76933e+006
1.76935e+006
1.76938e+006
1.7694e+006
1.76942e+006
1.76944e+006
1.76946e+006
1.76948e+006
1.76951e+006
1.76953e+006
1.76955e+006
1.76957e+006
1.7696e+006
1.76962e+006
1.76964e+006
1.76966e+006
1.76968e+006
1.76971e+006
1.76973e+006
1.76975e+006
1.76977e+006
1.7698e+006
1.76982e+006
1.76984e+006
1.76986e+006
1.76989e+006
1.76991e+006
1.76993e+006
1.76995e+006
1.76997e+006
1.77e+006
1.77002e+006
1.77004e+006
1.77006e+006
1.77008e+006
1.7701e+006
1.77013e+006
1.77015e+006
1.77017e+006
1.77019e+006
1.77022e+006
1.77024e+006
1.77026e+006
1.77028e+006
1.77031e+006
1.77033e+006
1.77035e+006
1.77038e+006
1.7704e+006
1.77042e+006
1.77045e+006
1.77047e+006
1.7705e+006
1.77052e+006
1.77055e+006
1.77058e+006
1.7706e+006
1.77063e+006
1.77065e+006
1.77068e+006
1.7707e+006
1.77073e+006
1.77075e+006
1.77078e+006
1.7708e+006
1.77083e+006
1.77085e+006
1.77088e+006
1.77091e+006
1.77093e+006
1.77096e+006
1.77099e+006
1.77101e+006
1.77104e+006
1.77107e+006
1.77109e+006
1.77112e+006
1.77115e+006
1.77118e+006
1.77121e+006
1.77124e+006
1.77127e+006
1.77129e+006
1.77132e+006
1.77135e+006
1.77138e+006
1.77141e+006
1.77144e+006
1.77147e+006
1.77149e+006
1.77152e+006
1.77155e+006
1.77158e+006
1.77161e+006
1.77164e+006
1.77166e+006
1.77169e+006
1.77172e+006
1.77175e+006
1.77178e+006
1.77181e+006
1.77184e+006
1.77186e+006
1.77189e+006
1.77192e+006
1.77195e+006
1.77198e+006
1.77201e+006
1.77204e+006
1.77207e+006
1.7721e+006
1.77213e+006
1.77216e+006
1.77218e+006
1.77221e+006
1.77224e+006
1.77227e+006
1.7723e+006
1.77233e+006
1.77235e+006
1.77238e+006
1.77241e+006
1.77244e+006
1.77247e+006
1.77249e+006
1.77252e+006
1.77255e+006
1.77258e+006
1.77261e+006
1.77264e+006
1.77266e+006
1.77269e+006
1.77272e+006
1.77275e+006
1.77278e+006
1.77281e+006
1.77283e+006
1.77286e+006
1.77289e+006
1.77292e+006
1.77295e+006
1.77297e+006
1.773e+006
1.77303e+006
1.77306e+006
1.77308e+006
1.77311e+006
1.77314e+006
1.77316e+006
1.77319e+006
1.77322e+006
1.77324e+006
1.77327e+006
1.7733e+006
1.77332e+006
1.77335e+006
1.77337e+006
1.7734e+006
1.77343e+006
1.77345e+006
1.77348e+006
1.7735e+006
1.77352e+006
1.77355e+006
1.77358e+006
1.77361e+006
1.77364e+006
1.77367e+006
1.77369e+006
1.77372e+006
1.77375e+006
1.77378e+006
1.77381e+006
1.77384e+006
1.77387e+006
1.7739e+006
1.77393e+006
1.77396e+006
1.77399e+006
1.77401e+006
1.77404e+006
1.77407e+006
1.7741e+006
1.77413e+006
1.77415e+006
1.77418e+006
1.77421e+006
1.77424e+006
1.77426e+006
1.77429e+006
1.77432e+006
1.77435e+006
1.77438e+006
1.7744e+006
1.77443e+006
1.77446e+006
1.77448e+006
1.77451e+006
1.77454e+006
1.77457e+006
1.77459e+006
1.77462e+006
1.77465e+006
1.77467e+006
1.7747e+006
1.77473e+006
1.77476e+006
1.77478e+006
1.77481e+006
1.77484e+006
1.77486e+006
1.77489e+006
1.77492e+006
1.77494e+006
1.77497e+006
1.775e+006
1.77502e+006
1.77505e+006
1.77507e+006
1.7751e+006
1.77512e+006
1.77515e+006
1.77517e+006
1.7752e+006
1.77522e+006
1.77525e+006
1.77527e+006
1.7753e+006
1.77532e+006
1.77535e+006
1.77537e+006
1.7754e+006
1.77542e+006
1.77545e+006
1.77547e+006
1.77549e+006
1.77552e+006
1.77554e+006
1.77556e+006
1.77559e+006
1.77561e+006
1.77563e+006
1.77566e+006
1.77568e+006
1.7757e+006
1.77572e+006
1.77575e+006
1.77577e+006
1.77579e+006
1.77581e+006
1.77583e+006
1.77586e+006
1.77588e+006
1.7759e+006
1.77592e+006
1.77594e+006
1.77596e+006
1.77598e+006
1.776e+006
1.77602e+006
1.77604e+006
1.77605e+006
1.77607e+006
1.77609e+006
1.77611e+006
1.77613e+006
1.77614e+006
1.77616e+006
1.77618e+006
1.7762e+006
1.77621e+006
1.77623e+006
1.77625e+006
1.77627e+006
1.77629e+006
1.7763e+006
1.77632e+006
1.77634e+006
1.77635e+006
1.77637e+006
1.77639e+006
1.7764e+006
1.77642e+006
1.77644e+006
1.77645e+006
1.77647e+006
1.77649e+006
1.7765e+006
1.77652e+006
1.77653e+006
1.77655e+006
1.77657e+006
1.77658e+006
1.7766e+006
1.77662e+006
1.77663e+006
1.77665e+006
1.77667e+006
1.77668e+006
1.7767e+006
1.77672e+006
1.77673e+006
1.77675e+006
1.77677e+006
1.77679e+006
1.7768e+006
1.77682e+006
1.77684e+006
1.77685e+006
1.77687e+006
1.77689e+006
1.77691e+006
1.77693e+006
1.77694e+006
1.77696e+006
1.77698e+006
1.777e+006
1.77702e+006
1.77703e+006
1.77705e+006
1.77707e+006
1.77709e+006
1.77711e+006
1.77712e+006
1.77714e+006
1.77716e+006
1.77718e+006
1.7772e+006
1.77721e+006
1.77723e+006
1.77725e+006
1.77727e+006
1.77729e+006
1.77731e+006
1.77732e+006
1.77734e+006
1.77736e+006
1.77738e+006
1.7774e+006
1.77741e+006
1.77743e+006
1.77745e+006
1.77747e+006
1.77749e+006
1.7775e+006
1.77752e+006
1.77754e+006
1.77756e+006
1.77758e+006
1.7776e+006
1.77761e+006
1.77763e+006
1.77765e+006
1.77767e+006
1.77769e+006
1.7777e+006
1.77772e+006
1.77774e+006
1.77776e+006
1.77778e+006
1.77779e+006
1.77781e+006
1.77783e+006
1.77785e+006
1.77787e+006
1.77789e+006
1.7779e+006
1.77792e+006
1.77794e+006
1.77796e+006
1.77798e+006
1.77799e+006
