0 
0 
0 
0 
0 
0 
46.0158 
46.0158 
46.0158 
18.9461 
18.9461 
18.9461 
18.9461 
25.3828 
25.3828 
25.3828 
25.3828 
27.6305 
27.6305 
27.6305 
27.6305 
28.1539 
28.1539 
28.1539 
28.1539 
28.6401 
28.6401 
28.6401 
28.6401 
28.7289 
28.7289 
28.7289 
28.7289 
28.7423 
28.7423 
28.7423 
28.7423 
28.7154 
28.7154 
28.7154 
28.7154 
28.6333 
28.6333 
28.6333 
28.6333 
28.6766 
28.6766 
28.6766 
28.6766 
28.6601 
28.6601 
28.6601 
28.6601 
28.6359 
28.6359 
28.6359 
28.6359 
28.6562 
28.6562 
28.6562 
28.6562 
28.7279 
28.7279 
28.7279 
28.7279 
28.6153 
28.6153 
28.6153 
28.6153 
28.6637 
28.6637 
28.6637 
28.6637 
28.6639 
28.6639 
28.6639 
28.6639 
28.9977 
28.9977 
28.9977 
28.9977 
29.4532 
29.4532 
29.4532 
29.4532 
29.4532 
32.3666 
32.3666 
32.3666 
32.3666 
32.3666 
33.4263 
33.4263 
33.4263 
33.4263 
33.4263 
35.5284 
35.5284 
35.5284 
35.5284 
35.5284 
36.2931 
36.2931 
36.2931 
36.2931 
36.2931 
36.8143 
36.8143 
36.8143 
36.8143 
36.8143 
37.6467 
37.6467 
37.6467 
37.6467 
37.6467 
38.907 
38.907 
38.907 
38.907 
38.907 
38.907 
42.633 
42.633 
42.633 
42.633 
42.633 
42.633 
44.194 
44.194 
44.194 
44.194 
44.194 
44.194 
46.6495 
46.6495 
46.6495 
46.6495 
46.6495 
46.6495 
49.3518 
49.3518 
49.3518 
49.3518 
49.3518 
49.3518 
49.3518 
53.6414 
53.6414 
53.6414 
53.6414 
53.6414 
53.6414 
53.6414 
55.2328 
55.2328 
55.2328 
55.2328 
55.2328 
55.2328 
55.2328 
57.0821 
57.0821 
57.0821 
57.0821 
57.0821 
57.0821 
57.0821 
59.2476 
59.2476 
59.2476 
59.2476 
59.2476 
59.2476 
59.2476 
58.7862 
58.7862 
58.7862 
58.7862 
58.7862 
58.7862 
58.7862 
57.6525 
57.6525 
57.6525 
57.6525 
57.6525 
57.6525 
57.6525 
56.3603 
56.3603 
56.3603 
56.3603 
56.3603 
56.3603 
56.3603 
58.9938 
58.9938 
58.9938 
58.9938 
58.9938 
58.9938 
58.9938 
59.0944 
59.0944 
59.0944 
59.0944 
59.0944 
59.0944 
59.0944 
55.057 
55.057 
55.057 
55.057 
55.057 
55.057 
46.458 
46.458 
46.458 
46.458 
46.458 
46.458 
43.4985 
43.4985 
43.4985 
43.4985 
43.4985 
43.4985 
43.3712 
43.3712 
43.3712 
43.3712 
43.3712 
38.5313 
38.5313 
38.5313 
38.5313 
38.5313 
35.6901 
35.6901 
35.6901 
35.6901 
35.6901 
37.2953 
37.2953 
37.2953 
37.2953 
37.2953 
37.6476 
37.6476 
37.6476 
37.6476 
37.6476 
36.3863 
36.3863 
36.3863 
36.3863 
36.3863 
37.238 
37.238 
37.238 
37.238 
37.238 
35.3461 
35.3461 
35.3461 
35.3461 
35.3461 
34.0379 
34.0379 
34.0379 
34.0379 
34.0379 
35.3001 
35.3001 
35.3001 
35.3001 
35.3001 
36.2569 
36.2569 
36.2569 
36.2569 
36.2569 
36.6144 
36.6144 
36.6144 
36.6144 
36.6144 
37.4988 
37.4988 
37.4988 
37.4988 
37.4988 
38.4772 
38.4772 
38.4772 
38.4772 
38.4772 
36.7209 
36.7209 
36.7209 
36.7209 
36.7209 
34.5696 
34.5696 
34.5696 
34.5696 
34.5696 
33.113 
33.113 
33.113 
33.113 
33.113 
33.0274 
33.0274 
33.0274 
33.0274 
33.0274 
35.568 
35.568 
35.568 
35.568 
35.568 
36.5366 
36.5366 
36.5366 
36.5366 
36.5366 
37.2628 
37.2628 
37.2628 
37.2628 
37.2628 
37.7138 
37.7138 
37.7138 
37.7138 
37.7138 
38.6146 
38.6146 
38.6146 
38.6146 
38.6146 
38.7971 
38.7971 
38.7971 
38.7971 
38.7971 
38.3036 
38.3036 
38.3036 
38.3036 
38.3036 
38.7961 
38.7961 
38.7961 
38.7961 
38.7961 
38.7961 
43.3373 
43.3373 
43.3373 
43.3373 
43.3373 
43.3373 
46.19 
46.19 
46.19 
46.19 
46.19 
46.19 
48.9565 
48.9565 
48.9565 
48.9565 
48.9565 
48.9565 
48.9565 
52.7884 
52.7884 
52.7884 
52.7884 
52.7884 
52.7884 
52.7884 
53.3699 
53.3699 
53.3699 
53.3699 
53.3699 
53.3699 
53.3699 
54.5228 
54.5228 
54.5228 
54.5228 
54.5228 
54.5228 
54.5228 
53.9222 
53.9222 
53.9222 
53.9222 
53.9222 
53.9222 
53.9222 
53.8643 
53.8643 
53.8643 
53.8643 
53.8643 
53.8643 
53.8643 
54.6687 
54.6687 
54.6687 
54.6687 
54.6687 
54.6687 
54.6687 
55.2565 
55.2565 
55.2565 
55.2565 
55.2565 
55.2565 
55.2565 
56.9769 
56.9769 
56.9769 
56.9769 
56.9769 
56.9769 
56.9769 
56.9769 
61.5906 
61.5906 
61.5906 
61.5906 
61.5906 
61.5906 
61.5906 
61.5906 
65.291 
65.291 
65.291 
65.291 
65.291 
65.291 
65.291 
65.291 
66.7063 
66.7063 
66.7063 
66.7063 
66.7063 
66.7063 
66.7063 
66.7063 
69.0121 
69.0121 
69.0121 
69.0121 
69.0121 
69.0121 
69.0121 
69.0121 
69.4867 
69.4867 
69.4867 
69.4867 
69.4867 
69.4867 
69.4867 
69.4867 
69.1728 
69.1728 
69.1728 
69.1728 
69.1728 
69.1728 
69.1728 
69.1728 
69.1728 
72.2777 
72.2777 
72.2777 
72.2777 
72.2777 
72.2777 
72.2777 
72.2777 
72.2777 
73.8673 
73.8673 
73.8673 
73.8673 
73.8673 
73.8673 
73.8673 
73.8673 
73.8673 
79.0155 
79.0155 
79.0155 
79.0155 
79.0155 
79.0155 
79.0155 
79.0155 
79.0155 
77.7208 
77.7208 
77.7208 
77.7208 
77.7208 
77.7208 
77.7208 
77.7208 
64.8207 
64.8207 
64.8207 
64.8207 
64.8207 
64.8207 
64.8207 
64.8207 
64.3802 
64.3802 
64.3802 
64.3802 
64.3802 
64.3802 
64.3802 
64.3802 
65.9009 
65.9009 
65.9009 
65.9009 
65.9009 
65.9009 
65.9009 
65.9009 
68.1572 
68.1572 
68.1572 
68.1572 
68.1572 
68.1572 
68.1572 
68.1572 
68.6785 
68.6785 
68.6785 
68.6785 
68.6785 
68.6785 
68.6785 
68.6785 
69.3386 
69.3386 
69.3386 
69.3386 
69.3386 
69.3386 
69.3386 
69.3386 
66.2403 
66.2403 
66.2403 
66.2403 
66.2403 
66.2403 
66.2403 
66.2403 
64.211 
64.211 
64.211 
64.211 
64.211 
64.211 
64.211 
64.211 
63.5038 
63.5038 
63.5038 
63.5038 
63.5038 
63.5038 
63.5038 
63.5038 
62.2845 
62.2845 
62.2845 
62.2845 
62.2845 
62.2845 
62.2845 
62.2845 
64.1521 
64.1521 
64.1521 
64.1521 
64.1521 
64.1521 
64.1521 
64.1521 
67.2213 
67.2213 
67.2213 
67.2213 
67.2213 
67.2213 
67.2213 
67.2213 
68.0702 
68.0702 
68.0702 
68.0702 
68.0702 
68.0702 
68.0702 
68.0702 
68.0702 
71.7246 
71.7246 
71.7246 
71.7246 
71.7246 
71.7246 
71.7246 
71.7246 
71.7246 
75.3994 
75.3994 
75.3994 
75.3994 
75.3994 
75.3994 
75.3994 
75.3994 
75.3994 
75.7002 
75.7002 
75.7002 
75.7002 
75.7002 
75.7002 
75.7002 
75.7002 
75.7002 
78.2193 
78.2193 
78.2193 
78.2193 
78.2193 
78.2193 
78.2193 
78.2193 
78.2193 
78.497 
78.497 
78.497 
78.497 
78.497 
78.497 
78.497 
78.497 
78.497 
77.7111 
77.7111 
77.7111 
77.7111 
77.7111 
77.7111 
77.7111 
77.7111 
77.7111 
72.7338 
72.7338 
72.7338 
72.7338 
72.7338 
72.7338 
72.7338 
72.7338 
69.7781 
69.7781 
69.7781 
69.7781 
69.7781 
69.7781 
69.7781 
52.1104 
52.1104 
52.1104 
52.1104 
52.1104 
32.1982 
32.1982 
32.1982 
32.1982 
27.8618 
27.8618 
27.8618 
27.8618 
26.4956 
26.4956 
26.4956 
26.4956 
26.2209 
26.2209 
26.2209 
26.2209 
26.7829 
26.7829 
26.7829 
26.7829 
26.9399 
26.9399 
26.9399 
26.9399 
25.5273 
25.5273 
25.5273 
25.5273 
28.2243 
28.2243 
28.2243 
28.2243 
27.3013 
27.3013 
27.3013 
27.3013 
27.6794 
27.6794 
27.6794 
27.6794 
28.3632 
28.3632 
28.3632 
28.3632 
28.4396 
28.4396 
28.4396 
28.4396 
28.4534 
28.4534 
28.4534 
28.4534 
29.0708 
29.0708 
29.0708 
29.0708 
29.0708 
32.2736 
32.2736 
32.2736 
32.2736 
32.2736 
33.0145 
33.0145 
33.0145 
33.0145 
33.0145 
34.7856 
34.7856 
34.7856 
34.7856 
34.7856 
35.0615 
35.0615 
35.0615 
35.0615 
35.0615 
35.8748 
35.8748 
35.8748 
35.8748 
35.8748 
37.735 
37.735 
37.735 
37.735 
37.735 
38.5691 
38.5691 
38.5691 
38.5691 
38.5691 
39.6589 
39.6589 
39.6589 
39.6589 
39.6589 
39.6589 
41.7609 
41.7609 
41.7609 
41.7609 
41.7609 
39.9739 
39.9739 
39.9739 
39.9739 
39.9739 
39.9739 
42.6523 
42.6523 
42.6523 
42.6523 
42.6523 
42.6523 
42.5248 
42.5248 
42.5248 
42.5248 
42.5248 
42.5248 
42.0026 
42.0026 
42.0026 
42.0026 
42.0026 
42.0026 
41.9312 
41.9312 
41.9312 
41.9312 
41.9312 
41.9312 
42.0166 
42.0166 
42.0166 
42.0166 
42.0166 
42.0166 
43.2562 
43.2562 
43.2562 
43.2562 
43.2562 
43.2562 
43.5947 
43.5947 
43.5947 
43.5947 
43.5947 
43.5947 
43.4365 
43.4365 
43.4365 
43.4365 
43.4365 
43.4365 
43.4914 
43.4914 
43.4914 
43.4914 
43.4914 
43.4914 
43.4094 
43.4094 
43.4094 
43.4094 
43.4094 
43.4094 
44.5948 
44.5948 
44.5948 
44.5948 
44.5948 
44.5948 
47.2755 
47.2755 
47.2755 
47.2755 
47.2755 
47.2755 
49.1088 
49.1088 
49.1088 
49.1088 
49.1088 
49.1088 
49.8611 
49.8611 
49.8611 
49.8611 
49.8611 
49.8611 
49.8611 
52.2106 
52.2106 
52.2106 
52.2106 
52.2106 
52.2106 
52.2106 
54.8137 
54.8137 
54.8137 
54.8137 
54.8137 
54.8137 
54.8137 
56.5019 
56.5019 
56.5019 
56.5019 
56.5019 
56.5019 
56.5019 
58.6245 
58.6245 
58.6245 
58.6245 
58.6245 
58.6245 
58.6245 
58.6245 
62.4799 
62.4799 
62.4799 
62.4799 
62.4799 
62.4799 
62.4799 
62.4799 
63.8518 
63.8518 
63.8518 
63.8518 
63.8518 
63.8518 
63.8518 
63.8518 
66.6919 
66.6919 
66.6919 
66.6919 
66.6919 
66.6919 
66.6919 
66.6919 
66.6919 
71.9641 
71.9641 
71.9641 
71.9641 
71.9641 
71.9641 
71.9641 
71.9641 
71.9641 
75.7229 
75.7229 
75.7229 
75.7229 
75.7229 
75.7229 
75.7229 
75.7229 
75.7229 
78.4315 
78.4315 
78.4315 
78.4315 
78.4315 
78.4315 
78.4315 
78.4315 
78.4315 
78.2452 
78.2452 
78.2452 
78.2452 
78.2452 
78.2452 
78.2452 
78.2452 
78.2452 
77.5427 
77.5427 
77.5427 
77.5427 
77.5427 
77.5427 
77.5427 
77.5427 
77.5427 
73.3607 
73.3607 
73.3607 
73.3607 
73.3607 
73.3607 
73.3607 
73.3607 
64.1312 
64.1312 
64.1312 
64.1312 
64.1312 
64.1312 
64.1312 
55.4243 
55.4243 
55.4243 
55.4243 
55.4243 
55.4243 
49.2344 
49.2344 
49.2344 
49.2344 
49.2344 
49.2344 
45.94 
45.94 
45.94 
45.94 
45.94 
45.94 
44.7524 
44.7524 
44.7524 
44.7524 
44.7524 
44.7524 
42.149 
42.149 
42.149 
42.149 
42.149 
36.1694 
36.1694 
36.1694 
36.1694 
27.4828 
27.4828 
27.4828 
27.4828 
24.4804 
24.4804 
24.4804 
24.4804 
23.1972 
23.1972 
23.1972 
23.1972 
23.7556 
23.7556 
23.7556 
23.7556 
24.1634 
24.1634 
24.1634 
24.1634 
25.0471 
25.0471 
25.0471 
25.0471 
25.5516 
25.5516 
25.5516 
25.5516 
26.7722 
26.7722 
26.7722 
26.7722 
27.675 
27.675 
27.675 
27.675 
26.6017 
26.6017 
26.6017 
26.6017 
24.8236 
24.8236 
24.8236 
24.8236 
23.8583 
23.8583 
23.8583 
23.8583 
23.6273 
23.6273 
23.6273 
23.6273 
24.3795 
24.3795 
24.3795 
24.3795 
25.0548 
25.0548 
25.0548 
25.0548 
25.9712 
25.9712 
25.9712 
25.9712 
26.6911 
26.6911 
26.6911 
26.6911 
27.257 
27.257 
27.257 
27.257 
27.4731 
27.4731 
27.4731 
27.4731 
28.2803 
28.2803 
28.2803 
28.2803 
28.4776 
28.4776 
28.4776 
28.4776 
29.7968 
29.7968 
29.7968 
29.7968 
29.7968 
33.6753 
33.6753 
33.6753 
33.6753 
33.6753 
37.6355 
37.6355 
37.6355 
37.6355 
37.6355 
34.2007 
34.2007 
34.2007 
34.2007 
26.4099 
26.4099 
26.4099 
26.4099 
27.0314 
27.0314 
27.0314 
27.0314 
27.3768 
27.3768 
27.3768 
27.3768 
27.7144 
27.7144 
27.7144 
27.7144 
28.2349 
28.2349 
28.2349 
28.2349 
29.567 
29.567 
29.567 
29.567 
29.567 
32.6597 
32.6597 
32.6597 
32.6597 
32.6597 
33.5836 
33.5836 
33.5836 
33.5836 
33.5836 
35.6478 
35.6478 
35.6478 
35.6478 
35.6478 
38.4363 
38.4363 
38.4363 
38.4363 
38.4363 
38.8135 
38.8135 
38.8135 
38.8135 
38.8135 
39.1336 
39.1336 
39.1336 
39.1336 
39.1336 
39.1336 
41.8232 
41.8232 
41.8232 
41.8232 
41.8232 
41.8232 
44.7123 
44.7123 
44.7123 
44.7123 
44.7123 
44.7123 
45.0011 
45.0011 
45.0011 
45.0011 
45.0011 
45.0011 
47.398 
47.398 
47.398 
47.398 
47.398 
47.398 
47.398 
52.5806 
52.5806 
52.5806 
52.5806 
52.5806 
52.5806 
52.5806 
55.5569 
55.5569 
55.5569 
55.5569 
55.5569 
55.5569 
55.5569 
59.1734 
59.1734 
59.1734 
59.1734 
59.1734 
59.1734 
59.1734 
59.1734 
65.5252 
65.5252 
65.5252 
65.5252 
65.5252 
65.5252 
65.5252 
65.5252 
68.9287 
68.9287 
68.9287 
68.9287 
68.9287 
68.9287 
68.9287 
68.9287 
68.9287 
72.1311 
72.1311 
72.1311 
72.1311 
72.1311 
72.1311 
72.1311 
72.1311 
72.1311 
79.8717 
79.8717 
79.8717 
79.8717 
79.8717 
79.8717 
79.8717 
79.8717 
79.8717 
79.8717 
79.8717 
93.5393 
93.5393 
93.5393 
93.5393 
93.5393 
93.5393 
93.5393 
93.5393 
93.5393 
93.5393 
93.5393 
93.5393 
104.519 
104.519 
104.519 
104.519 
104.519 
104.519 
104.519 
104.519 
104.519 
104.519 
104.519 
104.519 
107.515 
107.515 
107.515 
107.515 
107.515 
107.515 
107.515 
107.515 
107.515 
107.515 
107.515 
107.515 
107.713 
107.713 
107.713 
107.713 
107.713 
107.713 
107.713 
107.713 
107.713 
107.713 
107.713 
107.713 
107.713 
112.141 
112.141 
112.141 
112.141 
112.141 
112.141 
112.141 
112.141 
112.141 
112.141 
112.141 
112.141 
112.141 
112.141 
125.788 
125.788 
125.788 
125.788 
125.788 
125.788 
125.788 
125.788 
125.788 
125.788 
125.788 
125.788 
125.788 
125.788 
125.788 
133.677 
133.677 
133.677 
133.677 
133.677 
133.677 
133.677 
133.677 
133.677 
133.677 
133.677 
133.677 
133.677 
133.677 
133.677 
131.765 
131.765 
131.765 
131.765 
131.765 
131.765 
131.765 
131.765 
131.765 
131.765 
131.765 
131.765 
131.765 
131.765 
131.765 
133.671 
133.671 
133.671 
133.671 
133.671 
133.671 
133.671 
133.671 
133.671 
133.671 
133.671 
133.671 
133.671 
133.671 
133.671 
133.671 
149.592 
149.592 
149.592 
149.592 
149.592 
149.592 
149.592 
149.592 
149.592 
149.592 
149.592 
149.592 
149.592 
149.592 
149.592 
149.592 
149.592 
152.048 
152.048 
152.048 
152.048 
152.048 
152.048 
152.048 
152.048 
152.048 
152.048 
152.048 
152.048 
152.048 
152.048 
152.048 
152.048 
152.048 
152.542 
152.542 
152.542 
152.542 
152.542 
152.542 
152.542 
152.542 
152.542 
152.542 
152.542 
152.542 
152.542 
152.542 
152.542 
152.542 
152.542 
151.668 
151.668 
151.668 
151.668 
151.668 
151.668 
